time	V(vds)	V(vgs)	V(vo)	Id(M1)
0.000000000000000e+00	1.407557e+01	0.000000e+00	6.615518e-12	1.092706e-03
4.882812557061023e-11	1.407557e+01	2.649728e-09	6.487773e-07	1.092706e-03
9.765625114122045e-11	1.407557e+01	3.124667e-09	6.931288e-07	1.092706e-03
1.953125022824409e-10	1.407557e+01	5.912318e-09	6.512627e-07	1.092706e-03
3.906250045648818e-10	1.407557e+01	1.137363e-08	-4.444097e-07	1.092706e-03
7.812500091297636e-10	1.407557e+01	2.530285e-08	-2.190901e-07	1.092706e-03
1.562500018259527e-09	1.407557e+01	4.795217e-08	-5.546966e-08	1.092706e-03
3.125000036519054e-09	1.407557e+01	9.854117e-08	8.501637e-08	1.092706e-03
6.250000073038109e-09	1.407557e+01	1.944642e-07	7.582729e-09	1.092706e-03
1.250000014607622e-08	1.407557e+01	3.916010e-07	-7.086345e-08	1.092706e-03
2.500000029215244e-08	1.407557e+01	7.805852e-07	-6.625267e-08	1.092706e-03
5.000000058430487e-08	1.407557e+01	1.563836e-06	-1.795365e-07	1.092707e-03
1.000000011686097e-07	1.407557e+01	3.125057e-06	-3.090041e-07	1.092707e-03
2.000000023372195e-07	1.407557e+01	6.252777e-06	-6.536446e-07	1.092707e-03
4.000000046744390e-07	1.407557e+01	1.250293e-05	-1.269360e-06	1.092708e-03
8.000000093488779e-07	1.407557e+01	2.500843e-05	-2.577443e-06	1.092710e-03
1.600000018697756e-06	1.407557e+01	5.001358e-05	-5.115240e-06	1.092713e-03
3.200000037395512e-06	1.407556e+01	1.000246e-04	-1.026972e-05	1.092719e-03
6.400000074791024e-06	1.407555e+01	2.000055e-04	-2.049491e-05	1.092733e-03
1.128281257479102e-05	1.407553e+01	3.523978e-04	-3.614676e-05	1.092753e-03
1.616562507479103e-05	1.407552e+01	5.044534e-04	-5.171052e-05	1.092773e-03
2.104843757479103e-05	1.407550e+01	6.560362e-04	-6.727830e-05	1.092793e-03
2.593125007479103e-05	1.407549e+01	8.069965e-04	-8.272867e-05	1.092812e-03
3.081406257479102e-05	1.407547e+01	9.571991e-04	-9.815386e-05	1.092832e-03
3.569687507479102e-05	1.407546e+01	1.106496e-03	-1.134326e-04	1.092852e-03
4.057968757479102e-05	1.407544e+01	1.254753e-03	-1.286572e-04	1.092871e-03
4.546250007479102e-05	1.407543e+01	1.401824e-03	-1.437066e-04	1.092891e-03
5.034531257479102e-05	1.407541e+01	1.547578e-03	-1.586735e-04	1.092910e-03
5.522812507479101e-05	1.407540e+01	1.691870e-03	-1.734370e-04	1.092929e-03
6.011093757479101e-05	1.407538e+01	1.834572e-03	-1.880900e-04	1.092948e-03
6.499375007479101e-05	1.407537e+01	1.975542e-03	-2.025117e-04	1.092966e-03
6.987656257479101e-05	1.407535e+01	2.114655e-03	-2.167957e-04	1.092984e-03
7.475937507479102e-05	1.407534e+01	2.251772e-03	-2.308215e-04	1.093002e-03
7.964218757479102e-05	1.407533e+01	2.386772e-03	-2.446827e-04	1.093020e-03
8.452500007479103e-05	1.407531e+01	2.519521e-03	-2.582596e-04	1.093038e-03
8.940781257479103e-05	1.407530e+01	2.649900e-03	-2.716461e-04	1.093055e-03
9.429062507479103e-05	1.407529e+01	2.777780e-03	-2.847229e-04	1.093071e-03
9.917343757479104e-05	1.407527e+01	2.903048e-03	-2.975844e-04	1.093088e-03
1.040562500747910e-04	1.407526e+01	3.025578e-03	-3.101118e-04	1.093104e-03
1.089390625747910e-04	1.407525e+01	3.145263e-03	-3.224000e-04	1.093120e-03
1.138218750747911e-04	1.407524e+01	3.261982e-03	-3.343307e-04	1.093135e-03
1.187046875747911e-04	1.407522e+01	3.375634e-03	-3.459995e-04	1.093150e-03
1.235875000747910e-04	1.407521e+01	3.486103e-03	-3.572885e-04	1.093165e-03
1.284703125747911e-04	1.407520e+01	3.593293e-03	-3.682940e-04	1.093179e-03
1.333531250747911e-04	1.407519e+01	3.697096e-03	-3.788989e-04	1.093192e-03
1.382359375747911e-04	1.407518e+01	3.797422e-03	-3.891998e-04	1.093205e-03
1.431187500747911e-04	1.407517e+01	3.894168e-03	-3.990805e-04	1.093218e-03
1.480015625747911e-04	1.407516e+01	3.987252e-03	-4.086382e-04	1.093230e-03
1.528843750747911e-04	1.407515e+01	4.076577e-03	-4.177573e-04	1.093242e-03
1.577671875747911e-04	1.407514e+01	4.162068e-03	-4.265359e-04	1.093253e-03
1.626500000747911e-04	1.407514e+01	4.243637e-03	-4.348590e-04	1.093264e-03
1.675328125747911e-04	1.407513e+01	4.321213e-03	-4.428256e-04	1.093274e-03
1.724156250747911e-04	1.407512e+01	4.394718e-03	-4.503214e-04	1.093284e-03
1.772984375747911e-04	1.407511e+01	4.464088e-03	-4.574461e-04	1.093293e-03
1.821812500747911e-04	1.407511e+01	4.529251e-03	-4.640863e-04	1.093301e-03
1.870640625747911e-04	1.407510e+01	4.590154e-03	-4.703424e-04	1.093309e-03
1.919468750747911e-04	1.407509e+01	4.646732e-03	-4.761018e-04	1.093317e-03
1.968296875747911e-04	1.407509e+01	4.698938e-03	-4.814659e-04	1.093324e-03
2.017125000747911e-04	1.407508e+01	4.746716e-03	-4.863228e-04	1.093330e-03
2.065953125747911e-04	1.407508e+01	4.790029e-03	-4.907746e-04	1.093336e-03
2.114781250747911e-04	1.407508e+01	4.828829e-03	-4.947107e-04	1.093341e-03
2.163609375747911e-04	1.407507e+01	4.863087e-03	-4.982338e-04	1.093345e-03
2.212437500747911e-04	1.407507e+01	4.892761e-03	-5.012340e-04	1.093349e-03
2.261265625747911e-04	1.407507e+01	4.917833e-03	-5.038152e-04	1.093352e-03
2.310093750747911e-04	1.407506e+01	4.938272e-03	-5.058682e-04	1.093355e-03
2.358921875747911e-04	1.407506e+01	4.954065e-03	-5.074979e-04	1.093357e-03
2.407750000747912e-04	1.407506e+01	4.965190e-03	-5.085959e-04	1.093359e-03
2.456578125747911e-04	1.407506e+01	4.971643e-03	-5.092680e-04	1.093359e-03
2.505406250747911e-04	1.407506e+01	4.973413e-03	-5.094068e-04	1.093360e-03
2.554234375747911e-04	1.407506e+01	4.970504e-03	-5.091188e-04	1.093359e-03
2.603062500747911e-04	1.407506e+01	4.962912e-03	-5.082977e-04	1.093358e-03
2.651890625747911e-04	1.407506e+01	4.950650e-03	-5.070510e-04	1.093357e-03
2.700718750747911e-04	1.407506e+01	4.933725e-03	-5.052730e-04	1.093354e-03
2.749546875747912e-04	1.407507e+01	4.912157e-03	-5.030722e-04	1.093352e-03
2.798375000747912e-04	1.407507e+01	4.885961e-03	-5.003440e-04	1.093348e-03
2.847203125747912e-04	1.407507e+01	4.855169e-03	-4.971975e-04	1.093344e-03
2.896031250747912e-04	1.407508e+01	4.819802e-03	-4.935291e-04	1.093339e-03
2.944859375747912e-04	1.407508e+01	4.779901e-03	-4.894490e-04	1.093334e-03
2.993687500747912e-04	1.407509e+01	4.735497e-03	-4.848542e-04	1.093328e-03
3.042515625747912e-04	1.407509e+01	4.686637e-03	-4.798558e-04	1.093322e-03
3.091343750747912e-04	1.407510e+01	4.633361e-03	-4.743517e-04	1.093315e-03
3.140171875747912e-04	1.407510e+01	4.575727e-03	-4.684539e-04	1.093307e-03
3.189000000747912e-04	1.407511e+01	4.513781e-03	-4.620613e-04	1.093299e-03
3.237828125747912e-04	1.407512e+01	4.447588e-03	-4.552865e-04	1.093290e-03
3.286656250747912e-04	1.407512e+01	4.377204e-03	-4.480292e-04	1.093281e-03
3.335484375747912e-04	1.407513e+01	4.302703e-03	-4.404029e-04	1.093271e-03
3.384312500747912e-04	1.407514e+01	4.224148e-03	-4.323081e-04	1.093261e-03
3.433140625747912e-04	1.407515e+01	4.141618e-03	-4.238591e-04	1.093250e-03
3.481968750747912e-04	1.407516e+01	4.055186e-03	-4.149572e-04	1.093239e-03
3.530796875747912e-04	1.407516e+01	3.964938e-03	-4.057175e-04	1.093227e-03
3.579625000747912e-04	1.407517e+01	3.870955e-03	-3.960420e-04	1.093214e-03
3.628453125747912e-04	1.407518e+01	3.773329e-03	-3.860463e-04	1.093202e-03
3.677281250747912e-04	1.407519e+01	3.672148e-03	-3.756333e-04	1.093188e-03
3.726109375747912e-04	1.407520e+01	3.567512e-03	-3.649195e-04	1.093175e-03
3.774937500747912e-04	1.407522e+01	3.459513e-03	-3.538081e-04	1.093160e-03
3.823765625747912e-04	1.407523e+01	3.348261e-03	-3.424165e-04	1.093146e-03
3.872593750747913e-04	1.407524e+01	3.233852e-03	-3.306486e-04	1.093131e-03
3.921421875747913e-04	1.407525e+01	3.116401e-03	-3.186222e-04	1.093115e-03
3.970250000747913e-04	1.407526e+01	2.996013e-03	-3.062419e-04	1.093099e-03
4.019078125747913e-04	1.407528e+01	2.872806e-03	-2.936260e-04	1.093083e-03
4.067906250747913e-04	1.407529e+01	2.746891e-03	-2.806798e-04	1.093067e-03
4.116734375747913e-04	1.407530e+01	2.618392e-03	-2.675221e-04	1.093050e-03
4.165562500747913e-04	1.407532e+01	2.487424e-03	-2.540585e-04	1.093032e-03
4.214390625747913e-04	1.407533e+01	2.354117e-03	-2.404085e-04	1.093015e-03
4.263218750747913e-04	1.407534e+01	2.218588e-03	-2.264781e-04	1.092997e-03
4.312046875747913e-04	1.407536e+01	2.080974e-03	-2.123873e-04	1.092979e-03
4.360875000747913e-04	1.407537e+01	1.941397e-03	-1.980426e-04	1.092961e-03
4.409703125747913e-04	1.407539e+01	1.799994e-03	-1.835640e-04	1.092942e-03
4.458531250747913e-04	1.407540e+01	1.656892e-03	-1.688588e-04	1.092923e-03
4.507359375747913e-04	1.407542e+01	1.512232e-03	-1.540472e-04	1.092904e-03
4.556187500747913e-04	1.407543e+01	1.366144e-03	-1.390367e-04	1.092885e-03
4.605015625747913e-04	1.407545e+01	1.218772e-03	-1.239479e-04	1.092866e-03
4.653843750747913e-04	1.407546e+01	1.070248e-03	-1.086884e-04	1.092846e-03
4.702671875747913e-04	1.407548e+01	9.207190e-04	-9.337923e-05	1.092826e-03
4.751500000747913e-04	1.407549e+01	7.703181e-04	-7.792813e-05	1.092807e-03
4.800328125747913e-04	1.407551e+01	6.191941e-04	-6.245636e-05	1.092787e-03
4.849156250747913e-04	1.407552e+01	4.674823e-04	-4.687177e-05	1.092767e-03
4.897984375747913e-04	1.407554e+01	3.153324e-04	-3.129566e-05	1.092747e-03
4.946812500747913e-04	1.407555e+01	1.628806e-04	-1.563610e-05	1.092727e-03
4.995640625747914e-04	1.407557e+01	1.027750e-05	-1.445899e-08	1.092707e-03
5.044468750747914e-04	1.407559e+01	-1.423404e-04	1.566124e-05	1.092687e-03
5.093296875747914e-04	1.407560e+01	-2.948224e-04	3.126963e-05	1.092667e-03
5.142125000747914e-04	1.407562e+01	-4.470319e-04	4.690253e-05	1.092647e-03
5.190953125747914e-04	1.407563e+01	-5.988188e-04	6.243872e-05	1.092627e-03
5.239781250747914e-04	1.407565e+01	-7.500473e-04	7.797017e-05	1.092607e-03
5.288609375747914e-04	1.407566e+01	-9.005678e-04	9.337560e-05	1.092587e-03
5.337437500747914e-04	1.407568e+01	-1.050246e-03	1.087472e-04	1.092567e-03
5.386265625747914e-04	1.407569e+01	-1.198934e-03	1.239638e-04	1.092548e-03
5.435093750747914e-04	1.407571e+01	-1.346498e-03	1.391178e-04	1.092528e-03
5.483921875747914e-04	1.407572e+01	-1.492793e-03	1.540882e-04	1.092509e-03
5.532750000747914e-04	1.407574e+01	-1.637688e-03	1.689676e-04	1.092490e-03
5.581578125747914e-04	1.407575e+01	-1.781040e-03	1.836353e-04	1.092471e-03
5.630406250747914e-04	1.407577e+01	-1.922721e-03	1.981843e-04	1.092453e-03
5.679234375747914e-04	1.407578e+01	-2.062591e-03	2.124940e-04	1.092434e-03
5.728062500747914e-04	1.407580e+01	-2.200524e-03	2.266578e-04	1.092416e-03
5.776890625747914e-04	1.407581e+01	-2.336384e-03	2.405556e-04	1.092398e-03
5.825718750747914e-04	1.407582e+01	-2.470050e-03	2.542811e-04	1.092381e-03
5.874546875747914e-04	1.407584e+01	-2.601390e-03	2.677145e-04	1.092363e-03
5.923375000747914e-04	1.407585e+01	-2.730286e-03	2.809501e-04	1.092347e-03
5.972203125747914e-04	1.407586e+01	-2.856611e-03	2.938686e-04	1.092330e-03
6.021031250747914e-04	1.407588e+01	-2.980252e-03	3.065644e-04	1.092314e-03
6.069859375747914e-04	1.407589e+01	-3.101087e-03	3.189192e-04	1.092298e-03
6.118687500747915e-04	1.407590e+01	-3.219008e-03	3.310278e-04	1.092282e-03
6.167515625747915e-04	1.407591e+01	-3.333898e-03	3.427721e-04	1.092267e-03
6.216343750747915e-04	1.407592e+01	-3.445654e-03	3.542478e-04	1.092253e-03
6.265171875747915e-04	1.407594e+01	-3.554166e-03	3.653375e-04	1.092238e-03
6.314000000747915e-04	1.407595e+01	-3.659338e-03	3.761374e-04	1.092224e-03
6.362828125747915e-04	1.407596e+01	-3.761064e-03	3.865305e-04	1.092211e-03
6.411656250747915e-04	1.407597e+01	-3.859255e-03	3.966139e-04	1.092198e-03
6.460484375747915e-04	1.407598e+01	-3.953813e-03	4.062713e-04	1.092186e-03
6.509312500747915e-04	1.407599e+01	-4.044653e-03	4.156004e-04	1.092174e-03
6.558140625747915e-04	1.407599e+01	-4.131686e-03	4.244856e-04	1.092162e-03
6.606968750747915e-04	1.407600e+01	-4.214835e-03	4.330253e-04	1.092152e-03
6.655796875747915e-04	1.407601e+01	-4.294015e-03	4.411047e-04	1.092141e-03
6.704625000747915e-04	1.407602e+01	-4.369159e-03	4.488230e-04	1.092131e-03
6.753453125747915e-04	1.407603e+01	-4.440188e-03	4.560662e-04	1.092122e-03
6.802281250747915e-04	1.407603e+01	-4.507044e-03	4.629341e-04	1.092113e-03
6.851109375747915e-04	1.407604e+01	-4.569657e-03	4.693136e-04	1.092105e-03
6.899937500747915e-04	1.407605e+01	-4.627973e-03	4.753055e-04	1.092097e-03
6.948765625747915e-04	1.407605e+01	-4.681932e-03	4.807973e-04	1.092090e-03
6.997593750747915e-04	1.407606e+01	-4.731489e-03	4.858905e-04	1.092084e-03
7.046421875747915e-04	1.407606e+01	-4.776591e-03	4.904738e-04	1.092078e-03
7.095250000747915e-04	1.407607e+01	-4.817203e-03	4.946493e-04	1.092072e-03
7.144078125747915e-04	1.407607e+01	-4.853279e-03	4.983066e-04	1.092068e-03
7.192906250747915e-04	1.407607e+01	-4.884793e-03	5.015491e-04	1.092064e-03
7.241734375747916e-04	1.407607e+01	-4.911707e-03	5.042666e-04	1.092060e-03
7.290562500747916e-04	1.407608e+01	-4.934004e-03	5.065636e-04	1.092057e-03
7.339390625747916e-04	1.407608e+01	-4.951654e-03	5.083310e-04	1.092055e-03
7.388218750747916e-04	1.407608e+01	-4.964650e-03	5.096741e-04	1.092053e-03
7.437046875747916e-04	1.407608e+01	-4.972972e-03	5.104847e-04	1.092052e-03
7.485875000747916e-04	1.407608e+01	-4.976617e-03	5.108690e-04	1.092052e-03
7.534703125747916e-04	1.407608e+01	-4.975577e-03	5.107195e-04	1.092052e-03
7.583531250747916e-04	1.407608e+01	-4.969859e-03	5.101435e-04	1.092053e-03
7.632359375747916e-04	1.407608e+01	-4.959463e-03	5.090346e-04	1.092054e-03
7.681187500747916e-04	1.407608e+01	-4.944403e-03	5.075005e-04	1.092056e-03
7.730015625747916e-04	1.407608e+01	-4.924688e-03	5.054362e-04	1.092059e-03
7.778843750747916e-04	1.407607e+01	-4.900343e-03	5.029501e-04	1.092062e-03
7.827671875747916e-04	1.407607e+01	-4.871384e-03	4.999380e-04	1.092066e-03
7.876500000747916e-04	1.407607e+01	-4.837845e-03	4.965093e-04	1.092070e-03
7.925328125747916e-04	1.407606e+01	-4.799752e-03	4.925606e-04	1.092075e-03
7.974156250747916e-04	1.407606e+01	-4.757146e-03	4.882022e-04	1.092081e-03
8.022984375747916e-04	1.407605e+01	-4.710061e-03	4.833317e-04	1.092087e-03
8.071812500747916e-04	1.407605e+01	-4.658547e-03	4.780603e-04	1.092094e-03
8.120640625747916e-04	1.407604e+01	-4.602648e-03	4.722862e-04	1.092101e-03
8.169468750747916e-04	1.407604e+01	-4.542422e-03	4.661216e-04	1.092109e-03
8.218296875747916e-04	1.407603e+01	-4.477919e-03	4.594657e-04	1.092117e-03
8.267125000747916e-04	1.407602e+01	-4.409206e-03	4.524312e-04	1.092126e-03
8.315953125747916e-04	1.407602e+01	-4.336341e-03	4.449184e-04	1.092136e-03
8.364781250747917e-04	1.407601e+01	-4.259401e-03	4.370407e-04	1.092146e-03
8.413609375747917e-04	1.407600e+01	-4.178450e-03	4.286990e-04	1.092157e-03
8.462437500747917e-04	1.407599e+01	-4.093571e-03	4.200078e-04	1.092168e-03
8.511265625747917e-04	1.407598e+01	-4.004837e-03	4.108686e-04	1.092180e-03
8.560093750747917e-04	1.407597e+01	-3.912339e-03	4.013967e-04	1.092192e-03
8.608921875747917e-04	1.407596e+01	-3.816158e-03	3.914944e-04	1.092205e-03
8.657750000747917e-04	1.407595e+01	-3.716390e-03	3.812776e-04	1.092218e-03
8.706578125747917e-04	1.407594e+01	-3.613122e-03	3.706492e-04	1.092231e-03
8.755406250747917e-04	1.407593e+01	-3.506458e-03	3.597261e-04	1.092245e-03
8.804234375747917e-04	1.407592e+01	-3.396493e-03	3.484117e-04	1.092260e-03
8.853062500747917e-04	1.407591e+01	-3.283336e-03	3.368234e-04	1.092275e-03
8.901890625747917e-04	1.407590e+01	-3.167087e-03	3.248654e-04	1.092290e-03
8.950718750747917e-04	1.407588e+01	-3.047862e-03	3.126557e-04	1.092306e-03
8.999546875747917e-04	1.407587e+01	-2.925767e-03	3.000991e-04	1.092322e-03
9.048375000747917e-04	1.407586e+01	-2.800923e-03	2.873140e-04	1.092338e-03
9.097203125747917e-04	1.407584e+01	-2.673441e-03	2.742059e-04	1.092355e-03
9.146031250747917e-04	1.407583e+01	-2.543448e-03	2.608936e-04	1.092372e-03
9.194859375747917e-04	1.407582e+01	-2.411059e-03	2.472833e-04	1.092389e-03
9.243687500747917e-04	1.407580e+01	-2.276406e-03	2.334942e-04	1.092407e-03
9.292515625747917e-04	1.407579e+01	-2.139609e-03	2.194326e-04	1.092425e-03
9.341343750747917e-04	1.407578e+01	-2.000803e-03	2.052186e-04	1.092443e-03
9.390171875747917e-04	1.407576e+01	-1.860112e-03	1.907588e-04	1.092462e-03
9.439000000747917e-04	1.407575e+01	-1.717676e-03	1.761735e-04	1.092480e-03
9.487828125747918e-04	1.407573e+01	-1.573621e-03	1.613698e-04	1.092499e-03
9.536656250747918e-04	1.407572e+01	-1.428090e-03	1.464681e-04	1.092519e-03
9.585484375747918e-04	1.407570e+01	-1.281213e-03	1.313760e-04	1.092538e-03
9.634312500747918e-04	1.407569e+01	-1.133135e-03	1.162143e-04	1.092557e-03
9.683140625747918e-04	1.407567e+01	-9.839891e-04	1.008906e-04	1.092577e-03
9.731968750747918e-04	1.407566e+01	-8.339219e-04	8.552591e-05	1.092597e-03
9.780796875747918e-04	1.407564e+01	-6.830680e-04	7.002815e-05	1.092617e-03
9.829625000747917e-04	1.407562e+01	-5.315762e-04	5.451847e-05	1.092636e-03
9.878453125747916e-04	1.407561e+01	-3.795823e-04	3.890484e-05	1.092657e-03
9.927281250747915e-04	1.407559e+01	-2.272361e-04	2.330870e-05	1.092677e-03
9.976109375747914e-04	1.407558e+01	-7.467419e-05	7.637963e-06	1.092697e-03
1.002493750074791e-03	1.407556e+01	7.795294e-05	-7.985945e-06	1.092717e-03
1.007376562574791e-03	1.407555e+01	2.305087e-04	-2.365504e-05	1.092737e-03
1.012259375074791e-03	1.407553e+01	3.828423e-04	-3.924774e-05	1.092757e-03
1.017142187574791e-03	1.407552e+01	5.348176e-04	-5.485618e-05	1.092777e-03
1.022025000074791e-03	1.407550e+01	6.862845e-04	-7.035895e-05	1.092797e-03
1.026907812574791e-03	1.407548e+01	8.371074e-04	-8.584810e-05	1.092816e-03
1.031790625074791e-03	1.407547e+01	9.871373e-04	-1.012025e-04	1.092836e-03
1.036673437574791e-03	1.407545e+01	1.136240e-03	-1.165142e-04	1.092856e-03
1.041556250074790e-03	1.407544e+01	1.284268e-03	-1.316622e-04	1.092875e-03
1.046439062574790e-03	1.407542e+01	1.431090e-03	-1.467390e-04	1.092894e-03
1.051321875074790e-03	1.407541e+01	1.576560e-03	-1.616237e-04	1.092914e-03
1.056204687574790e-03	1.407539e+01	1.720547e-03	-1.764088e-04	1.092933e-03
1.061087500074790e-03	1.407538e+01	1.862911e-03	-1.909739e-04	1.092951e-03
1.065970312574790e-03	1.407537e+01	2.003523e-03	-2.054119e-04	1.092970e-03
1.070853125074790e-03	1.407535e+01	2.142244e-03	-2.196026e-04	1.092988e-03
1.075735937574790e-03	1.407534e+01	2.278951e-03	-2.336392e-04	1.093006e-03
1.080618750074790e-03	1.407532e+01	2.413508e-03	-2.474019e-04	1.093024e-03
1.085501562574789e-03	1.407531e+01	2.545795e-03	-2.609845e-04	1.093041e-03
1.090384375074789e-03	1.407530e+01	2.675682e-03	-2.742673e-04	1.093058e-03
1.095267187574789e-03	1.407528e+01	2.803052e-03	-2.873447e-04	1.093075e-03
1.100150000074789e-03	1.407527e+01	2.927779e-03	-3.000977e-04	1.093091e-03
1.105032812574789e-03	1.407526e+01	3.049752e-03	-3.126209e-04	1.093107e-03
1.109915625074789e-03	1.407525e+01	3.168850e-03	-3.247958e-04	1.093123e-03
1.114798437574789e-03	1.407523e+01	3.284967e-03	-3.367177e-04	1.093138e-03
1.119681250074789e-03	1.407522e+01	3.397987e-03	-3.482687e-04	1.093153e-03
1.124564062574789e-03	1.407521e+01	3.507812e-03	-3.595446e-04	1.093167e-03
1.129446875074789e-03	1.407520e+01	3.614330e-03	-3.704281e-04	1.093181e-03
1.134329687574788e-03	1.407519e+01	3.717448e-03	-3.810156e-04	1.093195e-03
1.139212500074788e-03	1.407518e+01	3.817062e-03	-3.911906e-04	1.093208e-03
1.144095312574788e-03	1.407517e+01	3.913086e-03	-4.010501e-04	1.093221e-03
1.148978125074788e-03	1.407516e+01	4.005422e-03	-4.104781e-04	1.093233e-03
1.153860937574788e-03	1.407515e+01	4.093990e-03	-4.195724e-04	1.093244e-03
1.158743750074788e-03	1.407514e+01	4.178700e-03	-4.282179e-04	1.093255e-03
1.163626562574788e-03	1.407513e+01	4.259479e-03	-4.365130e-04	1.093266e-03
1.168509375074788e-03	1.407513e+01	4.336243e-03	-4.443434e-04	1.093276e-03
1.173392187574788e-03	1.407512e+01	4.408929e-03	-4.518082e-04	1.093286e-03
1.178275000074788e-03	1.407511e+01	4.477460e-03	-4.587938e-04	1.093295e-03
1.183157812574787e-03	1.407510e+01	4.541780e-03	-4.654004e-04	1.093303e-03
1.188040625074787e-03	1.407510e+01	4.601819e-03	-4.715149e-04	1.093311e-03
1.192923437574787e-03	1.407509e+01	4.657529e-03	-4.772383e-04	1.093318e-03
1.197806250074787e-03	1.407509e+01	4.708851e-03	-4.824586e-04	1.093325e-03
1.202689062574787e-03	1.407508e+01	4.755743e-03	-4.872776e-04	1.093331e-03
1.207571875074787e-03	1.407508e+01	4.798154e-03	-4.915840e-04	1.093337e-03
1.212454687574787e-03	1.407508e+01	4.836051e-03	-4.954804e-04	1.093342e-03
1.217337500074787e-03	1.407507e+01	4.869391e-03	-4.988565e-04	1.093346e-03
1.222220312574787e-03	1.407507e+01	4.898150e-03	-5.018158e-04	1.093350e-03
1.227103125074786e-03	1.407507e+01	4.922295e-03	-5.042488e-04	1.093353e-03
1.231985937574786e-03	1.407506e+01	4.941808e-03	-5.062600e-04	1.093356e-03
1.236868750074786e-03	1.407506e+01	4.956665e-03	-5.077408e-04	1.093357e-03
1.241751562574786e-03	1.407506e+01	4.966860e-03	-5.087964e-04	1.093359e-03
1.246634375074786e-03	1.407506e+01	4.972374e-03	-5.093191e-04	1.093360e-03
1.251517187574786e-03	1.407506e+01	4.973211e-03	-5.094152e-04	1.093360e-03
1.256400000074786e-03	1.407506e+01	4.969362e-03	-5.089779e-04	1.093359e-03
1.261282812574786e-03	1.407506e+01	4.960838e-03	-5.081143e-04	1.093358e-03
1.266165625074786e-03	1.407506e+01	4.947640e-03	-5.067185e-04	1.093356e-03
1.271048437574786e-03	1.407507e+01	4.929787e-03	-5.048985e-04	1.093354e-03
1.275931250074785e-03	1.407507e+01	4.907290e-03	-5.025493e-04	1.093351e-03
1.280814062574785e-03	1.407507e+01	4.880175e-03	-4.997799e-04	1.093347e-03
1.285696875074785e-03	1.407507e+01	4.848463e-03	-4.964861e-04	1.093343e-03
1.290579687574785e-03	1.407508e+01	4.812189e-03	-4.927778e-04	1.093338e-03
1.295462500074785e-03	1.407508e+01	4.771382e-03	-4.885517e-04	1.093333e-03
1.300345312574785e-03	1.407509e+01	4.726085e-03	-4.839185e-04	1.093327e-03
1.305228125074785e-03	1.407509e+01	4.676335e-03	-4.787759e-04	1.093320e-03
1.310110937574785e-03	1.407510e+01	4.622187e-03	-4.732354e-04	1.093313e-03
1.314993750074785e-03	1.407510e+01	4.563682e-03	-4.671955e-04	1.093306e-03
1.319876562574784e-03	1.407511e+01	4.500885e-03	-4.607686e-04	1.093297e-03
1.324759375074784e-03	1.407512e+01	4.433847e-03	-4.538541e-04	1.093289e-03
1.329642187574784e-03	1.407512e+01	4.362637e-03	-4.465651e-04	1.093279e-03
1.334525000074784e-03	1.407513e+01	4.287316e-03	-4.388018e-04	1.093269e-03
1.339407812574784e-03	1.407514e+01	4.207962e-03	-4.306783e-04	1.093259e-03
1.344290625074784e-03	1.407515e+01	4.124643e-03	-4.220954e-04	1.093248e-03
1.349173437574784e-03	1.407516e+01	4.037444e-03	-4.131680e-04	1.093236e-03
1.354056250074784e-03	1.407517e+01	3.946439e-03	-4.037977e-04	1.093224e-03
1.358939062574784e-03	1.407518e+01	3.851723e-03	-3.941000e-04	1.093212e-03
1.363821875074784e-03	1.407519e+01	3.753376e-03	-3.839775e-04	1.093199e-03
1.368704687574783e-03	1.407520e+01	3.651499e-03	-3.735462e-04	1.093186e-03
1.373587500074783e-03	1.407521e+01	3.546180e-03	-3.627094e-04	1.093172e-03
1.378470312574783e-03	1.407522e+01	3.437525e-03	-3.515838e-04	1.093157e-03
1.383353125074783e-03	1.407523e+01	3.325630e-03	-3.400734e-04	1.093143e-03
1.388235937574783e-03	1.407524e+01	3.210607e-03	-3.282955e-04	1.093128e-03
1.393118750074783e-03	1.407525e+01	3.092557e-03	-3.161548e-04	1.093112e-03
1.398001562574783e-03	1.407527e+01	2.971598e-03	-3.037691e-04	1.093096e-03
1.402884375074783e-03	1.407528e+01	2.847838e-03	-2.910435e-04	1.093080e-03
1.407767187574783e-03	1.407529e+01	2.721399e-03	-2.780966e-04	1.093063e-03
1.412650000074783e-03	1.407530e+01	2.592394e-03	-2.648341e-04	1.093046e-03
1.417532812574782e-03	1.407532e+01	2.460951e-03	-2.513749e-04	1.093029e-03
1.422415625074782e-03	1.407533e+01	2.327187e-03	-2.376251e-04	1.093011e-03
1.427298437574782e-03	1.407535e+01	2.191234e-03	-2.237043e-04	1.092994e-03
1.432181250074782e-03	1.407536e+01	2.053214e-03	-2.095189e-04	1.092975e-03
1.437064062574782e-03	1.407537e+01	1.913263e-03	-1.951890e-04	1.092957e-03
1.441946875074782e-03	1.407539e+01	1.771507e-03	-1.806214e-04	1.092938e-03
1.446829687574782e-03	1.407540e+01	1.628085e-03	-1.659364e-04	1.092919e-03
1.451712500074782e-03	1.407542e+01	1.483126e-03	-1.510413e-04	1.092900e-03
1.456595312574782e-03	1.407543e+01	1.336773e-03	-1.360566e-04	1.092881e-03
1.461478125074781e-03	1.407545e+01	1.189157e-03	-1.208898e-04	1.092862e-03
1.466360937574781e-03	1.407546e+01	1.040424e-03	-1.056619e-04	1.092842e-03
1.471243750074781e-03	1.407548e+01	8.907059e-04	-9.028057e-05	1.092823e-03
1.476126562574781e-03	1.407549e+01	7.401518e-04	-7.486685e-05	1.092803e-03
1.481009375074781e-03	1.407551e+01	5.888960e-04	-5.932865e-05	1.092783e-03
1.485892187574781e-03	1.407553e+01	4.370880e-04	-4.378726e-05	1.092763e-03
1.490775000074781e-03	1.407554e+01	2.848634e-04	-2.815065e-05	1.092743e-03
1.495657812574781e-03	1.407556e+01	1.323727e-04	-1.254015e-05	1.092723e-03
1.500540625074781e-03	1.407557e+01	-2.024763e-05	3.136163e-06	1.092703e-03
1.505423437574781e-03	1.407559e+01	-1.728470e-04	1.875690e-05	1.092683e-03
1.510306250074780e-03	1.407560e+01	-3.252888e-04	3.441398e-05	1.092663e-03
1.515189062574780e-03	1.407562e+01	-4.774225e-04	4.998609e-05	1.092643e-03
1.520071875074780e-03	1.407564e+01	-6.291119e-04	6.556519e-05	1.092623e-03
1.524954687574780e-03	1.407565e+01	-7.802073e-04	8.102988e-05	1.092603e-03
1.529837500074780e-03	1.407567e+01	-9.305735e-04	9.647239e-05	1.092583e-03
1.534720312574780e-03	1.407568e+01	-1.080062e-03	1.117714e-04	1.092563e-03
1.539603125074780e-03	1.407570e+01	-1.228539e-03	1.270193e-04	1.092544e-03
1.544485937574780e-03	1.407571e+01	-1.375858e-03	1.420951e-04	1.092525e-03
1.549368750074780e-03	1.407573e+01	-1.521887e-03	1.570911e-04	1.092505e-03
1.554251562574779e-03	1.407574e+01	-1.666481e-03	1.718866e-04	1.092486e-03
1.559134375074779e-03	1.407576e+01	-1.809513e-03	1.865744e-04	1.092468e-03
1.564017187574779e-03	1.407577e+01	-1.950839e-03	2.010338e-04	1.092449e-03
1.568900000074779e-03	1.407579e+01	-2.090334e-03	2.153582e-04	1.092431e-03
1.573782812574779e-03	1.407580e+01	-2.227861e-03	2.294272e-04	1.092413e-03
1.578665625074779e-03	1.407581e+01	-2.363295e-03	2.433343e-04	1.092395e-03
1.583548437574779e-03	1.407583e+01	-2.496503e-03	2.569597e-04	1.092377e-03
1.588431250074779e-03	1.407584e+01	-2.627367e-03	2.703973e-04	1.092360e-03
1.593314062574779e-03	1.407585e+01	-2.755756e-03	2.835277e-04	1.092343e-03
1.598196875074779e-03	1.407587e+01	-2.881556e-03	2.964453e-04	1.092327e-03
1.603079687574778e-03	1.407588e+01	-3.004642e-03	3.090312e-04	1.092311e-03
1.607962500074778e-03	1.407589e+01	-3.124906e-03	3.213803e-04	1.092295e-03
1.612845312574778e-03	1.407590e+01	-3.242227e-03	3.333742e-04	1.092279e-03
1.617728125074778e-03	1.407592e+01	-3.356501e-03	3.451084e-04	1.092264e-03
1.622610937574778e-03	1.407593e+01	-3.467614e-03	3.564651e-04	1.092250e-03
1.627493750074778e-03	1.407594e+01	-3.575469e-03	3.675403e-04	1.092236e-03
1.632376562574778e-03	1.407595e+01	-3.679957e-03	3.782170e-04	1.092222e-03
1.637259375074778e-03	1.407596e+01	-3.780986e-03	3.885916e-04	1.092209e-03
1.642142187574778e-03	1.407597e+01	-3.878455e-03	3.985478e-04	1.092196e-03
1.647025000074778e-03	1.407598e+01	-3.972279e-03	4.081830e-04	1.092183e-03
1.651907812574777e-03	1.407599e+01	-4.062362e-03	4.173813e-04	1.092172e-03
1.656790625074777e-03	1.407600e+01	-4.148627e-03	4.262408e-04	1.092160e-03
1.661673437574777e-03	1.407600e+01	-4.230985e-03	4.346464e-04	1.092149e-03
1.666556250074777e-03	1.407601e+01	-4.309367e-03	4.426969e-04	1.092139e-03
1.671439062574777e-03	1.407602e+01	-4.383691e-03	4.502780e-04	1.092129e-03
1.676321875074777e-03	1.407603e+01	-4.453894e-03	4.574894e-04	1.092120e-03
1.681204687574777e-03	1.407603e+01	-4.519903e-03	4.642174e-04	1.092112e-03
1.686087500074777e-03	1.407604e+01	-4.581663e-03	4.705626e-04	1.092103e-03
1.690970312574777e-03	1.407605e+01	-4.639110e-03	4.764121e-04	1.092096e-03
1.695853125074776e-03	1.407605e+01	-4.692195e-03	4.818673e-04	1.092089e-03
1.700735937574776e-03	1.407606e+01	-4.740862e-03	4.868163e-04	1.092083e-03
1.705618750074776e-03	1.407606e+01	-4.785073e-03	4.913610e-04	1.092077e-03
1.710501562574776e-03	1.407607e+01	-4.824777e-03	4.953905e-04	1.092072e-03
1.715384375074776e-03	1.407607e+01	-4.859946e-03	4.990078e-04	1.092067e-03
1.720267187574776e-03	1.407607e+01	-4.890539e-03	5.021028e-04	1.092063e-03
1.725150000074776e-03	1.407607e+01	-4.916535e-03	5.047790e-04	1.092059e-03
1.730032812574776e-03	1.407608e+01	-4.937901e-03	5.069276e-04	1.092057e-03
1.734915625074776e-03	1.407608e+01	-4.954624e-03	5.086531e-04	1.092055e-03
1.739798437574776e-03	1.407608e+01	-4.966684e-03	5.098470e-04	1.092053e-03
1.744681250074775e-03	1.407608e+01	-4.974073e-03	5.106151e-04	1.092052e-03
1.749564062574775e-03	1.407608e+01	-4.976779e-03	5.108498e-04	1.092052e-03
1.754446875074775e-03	1.407608e+01	-4.974806e-03	5.106578e-04	1.092052e-03
1.759329687574775e-03	1.407608e+01	-4.968149e-03	5.099325e-04	1.092053e-03
1.764212500074775e-03	1.407608e+01	-4.956821e-03	5.087811e-04	1.092054e-03
1.769095312574775e-03	1.407608e+01	-4.940826e-03	5.070982e-04	1.092056e-03
1.773978125074775e-03	1.407608e+01	-4.920187e-03	5.049920e-04	1.092059e-03
1.778860937574775e-03	1.407607e+01	-4.894914e-03	5.023578e-04	1.092062e-03
1.783743750074775e-03	1.407607e+01	-4.865040e-03	4.993048e-04	1.092066e-03
1.788626562574775e-03	1.407607e+01	-4.830585e-03	4.957292e-04	1.092071e-03
1.793509375074774e-03	1.407606e+01	-4.791589e-03	4.917409e-04	1.092076e-03
1.798392187574774e-03	1.407606e+01	-4.748080e-03	4.872370e-04	1.092082e-03
1.803275000074774e-03	1.407605e+01	-4.700109e-03	4.823287e-04	1.092088e-03
1.808157812574774e-03	1.407605e+01	-4.647712e-03	4.769136e-04	1.092095e-03
1.813040625074774e-03	1.407604e+01	-4.590945e-03	4.711037e-04	1.092102e-03
1.817923437574774e-03	1.407604e+01	-4.529856e-03	4.647977e-04	1.092111e-03
1.822806250074774e-03	1.407603e+01	-4.464509e-03	4.581082e-04	1.092119e-03
1.827689062574774e-03	1.407602e+01	-4.394958e-03	4.509349e-04	1.092128e-03
1.832571875074774e-03	1.407601e+01	-4.321275e-03	4.433911e-04	1.092138e-03
1.837454687574773e-03	1.407601e+01	-4.243524e-03	4.353773e-04	1.092148e-03
1.842337500074773e-03	1.407600e+01	-4.161783e-03	4.270077e-04	1.092159e-03
1.847220312574773e-03	1.407599e+01	-4.076125e-03	4.181837e-04	1.092170e-03
1.852103125074773e-03	1.407598e+01	-3.986634e-03	4.090199e-04	1.092182e-03
1.856985937574773e-03	1.407597e+01	-3.893390e-03	3.994186e-04	1.092194e-03
1.861868750074773e-03	1.407596e+01	-3.796486e-03	3.894953e-04	1.092207e-03
1.866751562574773e-03	1.407595e+01	-3.696008e-03	3.791527e-04	1.092220e-03
1.871634375074773e-03	1.407594e+01	-3.592056e-03	3.685072e-04	1.092234e-03
1.876517187574773e-03	1.407593e+01	-3.484721e-03	3.574623e-04	1.092248e-03
1.881400000074773e-03	1.407592e+01	-3.374112e-03	3.461350e-04	1.092263e-03
1.886282812574772e-03	1.407590e+01	-3.260325e-03	3.344292e-04	1.092278e-03
1.891165625074772e-03	1.407589e+01	-3.143474e-03	3.224626e-04	1.092293e-03
1.896048437574772e-03	1.407588e+01	-3.023664e-03	3.101399e-04	1.092309e-03
1.900931250074772e-03	1.407587e+01	-2.901012e-03	2.975793e-04	1.092325e-03
1.905814062574772e-03	1.407586e+01	-2.775628e-03	2.846859e-04	1.092341e-03
1.910696875074772e-03	1.407584e+01	-2.647637e-03	2.715787e-04	1.092358e-03
1.915579687574772e-03	1.407583e+01	-2.517153e-03	2.581631e-04	1.092375e-03
1.920462500074772e-03	1.407582e+01	-2.384304e-03	2.445587e-04	1.092393e-03
1.925345312574772e-03	1.407580e+01	-2.249209e-03	2.306714e-04	1.092411e-03
1.930228125074771e-03	1.407579e+01	-2.112003e-03	2.166209e-04	1.092429e-03
1.935110937574771e-03	1.407577e+01	-1.972806e-03	2.023140e-04	1.092447e-03
1.939993750074771e-03	1.407576e+01	-1.831759e-03	1.878707e-04	1.092465e-03
1.944876562574771e-03	1.407574e+01	-1.688985e-03	1.731979e-04	1.092484e-03
1.949759375074771e-03	1.407573e+01	-1.544627e-03	1.584162e-04	1.092503e-03
1.954642187574771e-03	1.407571e+01	-1.398813e-03	1.434327e-04	1.092523e-03
1.959525000074771e-03	1.407570e+01	-1.251687e-03	1.283681e-04	1.092542e-03
1.964407812574771e-03	1.407568e+01	-1.103382e-03	1.131302e-04	1.092561e-03
1.969290625074771e-03	1.407567e+01	-9.540429e-04	9.783979e-05	1.092581e-03
1.974173437574771e-03	1.407565e+01	-8.038043e-04	8.240472e-05	1.092601e-03
1.979056250074771e-03	1.407564e+01	-6.528142e-04	6.694602e-05	1.092621e-03
1.983939062574771e-03	1.407562e+01	-5.012078e-04	5.137173e-05	1.092641e-03
1.988821875074770e-03	1.407561e+01	-3.491348e-04	3.580311e-05	1.092660e-03
1.993704687574770e-03	1.407559e+01	-1.967312e-04	2.014819e-05	1.092680e-03
1.998587500074770e-03	1.407557e+01	-4.414753e-05	4.528265e-06	1.092701e-03
2.003470312574770e-03	1.407556e+01	1.084796e-04	-1.114851e-05	1.092721e-03
2.008353125074770e-03	1.407554e+01	2.609996e-04	-2.676079e-05	1.092741e-03
2.013235937574770e-03	1.407553e+01	4.132759e-04	-4.240049e-05	1.092761e-03
2.018118750074770e-03	1.407551e+01	5.651581e-04	-5.794629e-05	1.092781e-03
2.023001562574770e-03	1.407550e+01	7.165103e-04	-7.349018e-05	1.092801e-03
2.027884375074770e-03	1.407548e+01	8.671831e-04	-8.891087e-05	1.092820e-03
2.032767187574770e-03	1.407547e+01	1.017042e-03	-1.043005e-04	1.092840e-03
2.037650000074769e-03	1.407545e+01	1.165938e-03	-1.195380e-04	1.092860e-03
2.042532812574769e-03	1.407544e+01	1.313739e-03	-1.347156e-04	1.092879e-03
2.047415625074769e-03	1.407542e+01	1.460298e-03	-1.497124e-04	1.092898e-03
2.052298437574769e-03	1.407541e+01	1.605485e-03	-1.646209e-04	1.092917e-03
2.057181250074769e-03	1.407539e+01	1.749156e-03	-1.793205e-04	1.092936e-03
2.062064062574769e-03	1.407538e+01	1.891183e-03	-1.939040e-04	1.092955e-03
2.066946875074769e-03	1.407536e+01	2.031424e-03	-2.082509e-04	1.092973e-03
2.071829687574769e-03	1.407535e+01	2.169756e-03	-2.224545e-04	1.092992e-03
2.076712500074769e-03	1.407533e+01	2.306040e-03	-2.363947e-04	1.093009e-03
2.081595312574768e-03	1.407532e+01	2.440156e-03	-2.501651e-04	1.093027e-03
2.086478125074768e-03	1.407531e+01	2.571970e-03	-2.636460e-04	1.093044e-03
2.091360937574768e-03	1.407529e+01	2.701366e-03	-2.769315e-04	1.093061e-03
2.096243750074768e-03	1.407528e+01	2.828214e-03	-2.899023e-04	1.093078e-03
2.101126562574768e-03	1.407527e+01	2.952402e-03	-3.026529e-04	1.093094e-03
2.106009375074768e-03	1.407526e+01	3.073807e-03	-3.150647e-04	1.093110e-03
2.110892187574768e-03	1.407524e+01	3.192320e-03	-3.272326e-04	1.093126e-03
2.115775000074768e-03	1.407523e+01	3.307824e-03	-3.390386e-04	1.093141e-03
2.120657812574768e-03	1.407522e+01	3.420216e-03	-3.505781e-04	1.093156e-03
2.125540625074768e-03	1.407521e+01	3.529385e-03	-3.617337e-04	1.093170e-03
2.130423437574767e-03	1.407520e+01	3.635234e-03	-3.726015e-04	1.093184e-03
2.135306250074767e-03	1.407519e+01	3.737656e-03	-3.830646e-04	1.093197e-03
2.140189062574767e-03	1.407518e+01	3.836562e-03	-3.932199e-04	1.093211e-03
2.145071875074767e-03	1.407517e+01	3.931853e-03	-4.029511e-04	1.093223e-03
2.149954687574767e-03	1.407516e+01	4.023445e-03	-4.123557e-04	1.093235e-03
2.154837500074767e-03	1.407515e+01	4.111245e-03	-4.213183e-04	1.093247e-03
2.159720312574767e-03	1.407514e+01	4.195178e-03	-4.299371e-04	1.093258e-03
2.164603125074767e-03	1.407513e+01	4.275157e-03	-4.380972e-04	1.093268e-03
2.169485937574767e-03	1.407512e+01	4.351114e-03	-4.458977e-04	1.093278e-03
2.174368750074766e-03	1.407512e+01	4.422972e-03	-4.532245e-04	1.093287e-03
2.179251562574766e-03	1.407511e+01	4.490668e-03	-4.601775e-04	1.093296e-03
2.184134375074766e-03	1.407510e+01	4.554134e-03	-4.666435e-04	1.093305e-03
2.189017187574766e-03	1.407510e+01	4.613314e-03	-4.727228e-04	1.093313e-03
2.193900000074766e-03	1.407509e+01	4.668148e-03	-4.783034e-04	1.093320e-03
2.198782812574766e-03	1.407509e+01	4.718591e-03	-4.834865e-04	1.093326e-03
2.203665625074766e-03	1.407508e+01	4.764587e-03	-4.881606e-04	1.093332e-03
2.208548437574766e-03	1.407508e+01	4.806101e-03	-4.924280e-04	1.093338e-03
2.213431250074766e-03	1.407507e+01	4.843086e-03	-4.961779e-04	1.093343e-03
2.218314062574766e-03	1.407507e+01	4.875516e-03	-4.995136e-04	1.093347e-03
2.223196875074765e-03	1.407507e+01	4.903351e-03	-5.023252e-04	1.093351e-03
2.228079687574765e-03	1.407507e+01	4.926573e-03	-5.047167e-04	1.093354e-03
2.232962500074765e-03	1.407506e+01	4.945154e-03	-5.065792e-04	1.093356e-03
2.237845312574765e-03	1.407506e+01	4.959083e-03	-5.080178e-04	1.093358e-03
2.242728125074765e-03	1.407506e+01	4.968339e-03	-5.089241e-04	1.093359e-03
2.247610937574765e-03	1.407506e+01	4.972921e-03	-5.094043e-04	1.093360e-03
2.252493750074765e-03	1.407506e+01	4.972818e-03	-5.093511e-04	1.093360e-03
2.257376562574765e-03	1.407506e+01	4.968036e-03	-5.088711e-04	1.093359e-03
2.262259375074765e-03	1.407506e+01	4.958574e-03	-5.078583e-04	1.093358e-03
2.267142187574765e-03	1.407506e+01	4.944446e-03	-5.064203e-04	1.093356e-03
2.272025000074764e-03	1.407507e+01	4.925660e-03	-5.044516e-04	1.093353e-03
2.276907812574764e-03	1.407507e+01	4.902240e-03	-5.020608e-04	1.093350e-03
2.281790625074764e-03	1.407507e+01	4.874201e-03	-4.991436e-04	1.093347e-03
2.286673437574764e-03	1.407507e+01	4.841577e-03	-4.958094e-04	1.093342e-03
2.291556250074764e-03	1.407508e+01	4.804391e-03	-4.919545e-04	1.093337e-03
2.296439062574764e-03	1.407508e+01	4.762685e-03	-4.876893e-04	1.093332e-03
2.301321875074764e-03	1.407509e+01	4.716492e-03	-4.829112e-04	1.093326e-03
2.306204687574764e-03	1.407509e+01	4.665861e-03	-4.777313e-04	1.093319e-03
2.311087500074764e-03	1.407510e+01	4.610834e-03	-4.720478e-04	1.093312e-03
2.315970312574763e-03	1.407510e+01	4.551470e-03	-4.659728e-04	1.093304e-03
2.320853125074763e-03	1.407511e+01	4.487817e-03	-4.594052e-04	1.093296e-03
2.325735937574763e-03	1.407512e+01	4.419941e-03	-4.524579e-04	1.093287e-03
2.330618750074763e-03	1.407512e+01	4.347901e-03	-4.450308e-04	1.093277e-03
2.335501562574763e-03	1.407513e+01	4.271771e-03	-4.372375e-04	1.093267e-03
2.340384375074763e-03	1.407514e+01	4.191615e-03	-4.289788e-04	1.093257e-03
2.345267187574763e-03	1.407515e+01	4.107516e-03	-4.203691e-04	1.093246e-03
2.350150000074763e-03	1.407516e+01	4.019547e-03	-4.113097e-04	1.093234e-03
2.355032812574763e-03	1.407517e+01	3.927796e-03	-4.019158e-04	1.093222e-03
2.359915625074763e-03	1.407518e+01	3.832343e-03	-3.920898e-04	1.093209e-03
2.364798437574762e-03	1.407519e+01	3.733285e-03	-3.819474e-04	1.093196e-03
2.369681250074762e-03	1.407520e+01	3.630709e-03	-3.713915e-04	1.093183e-03
2.374564062574762e-03	1.407521e+01	3.524718e-03	-3.605388e-04	1.093169e-03
2.379446875074762e-03	1.407522e+01	3.415404e-03	-3.492928e-04	1.093155e-03
2.384329687574762e-03	1.407523e+01	3.302877e-03	-3.377707e-04	1.093140e-03
2.389212500074762e-03	1.407524e+01	3.187237e-03	-3.258768e-04	1.093125e-03
2.394095312574762e-03	1.407526e+01	3.068599e-03	-3.137287e-04	1.093109e-03
2.398978125074762e-03	1.407527e+01	2.947069e-03	-3.012315e-04	1.093093e-03
2.403860937574762e-03	1.407528e+01	2.822766e-03	-2.885033e-04	1.093077e-03
2.408743750074761e-03	1.407529e+01	2.695801e-03	-2.754496e-04	1.093060e-03
2.413626562574761e-03	1.407531e+01	2.566301e-03	-2.621894e-04	1.093043e-03
2.418509375074761e-03	1.407532e+01	2.434382e-03	-2.486283e-04	1.093026e-03
2.423392187574761e-03	1.407534e+01	2.300172e-03	-2.348860e-04	1.093008e-03
2.428275000074761e-03	1.407535e+01	2.163793e-03	-2.208685e-04	1.092990e-03
2.433157812574761e-03	1.407536e+01	2.025379e-03	-2.066959e-04	1.092972e-03
2.438040625074761e-03	1.407538e+01	1.885054e-03	-1.922747e-04	1.092953e-03
2.442923437574761e-03	1.407539e+01	1.742957e-03	-1.777252e-04	1.092935e-03
2.447806250074761e-03	1.407541e+01	1.599214e-03	-1.629544e-04	1.092916e-03
2.452689062574761e-03	1.407542e+01	1.453968e-03	-1.480829e-04	1.092897e-03
2.457571875074760e-03	1.407544e+01	1.307348e-03	-1.330180e-04	1.092877e-03
2.462454687574760e-03	1.407545e+01	1.159500e-03	-1.178805e-04	1.092858e-03
2.467337500074760e-03	1.407547e+01	1.010556e-03	-1.025781e-04	1.092838e-03
2.472220312574760e-03	1.407548e+01	8.606627e-04	-8.723181e-05	1.092819e-03
2.477103125074760e-03	1.407550e+01	7.099541e-04	-7.174930e-05	1.092799e-03
2.481985937574760e-03	1.407551e+01	5.585793e-04	-5.625203e-05	1.092779e-03
2.486868750074760e-03	1.407553e+01	4.066736e-04	-4.064770e-05	1.092759e-03
2.491751562574760e-03	1.407555e+01	2.543872e-04	-2.505781e-05	1.092739e-03
2.496634375074760e-03	1.407556e+01	1.018563e-04	-9.390316e-06	1.092719e-03
2.501517187574760e-03	1.407558e+01	-5.076857e-05	6.233418e-06	1.092699e-03
2.506400000074759e-03	1.407559e+01	-2.033507e-04	2.190530e-05	1.092679e-03
2.511282812574759e-03	1.407561e+01	-3.557395e-04	3.750390e-05	1.092659e-03
2.516165625074759e-03	1.407562e+01	-5.077986e-04	5.312124e-05	1.092639e-03
2.521048437574759e-03	1.407564e+01	-6.593778e-04	6.863594e-05	1.092619e-03
2.525931250074759e-03	1.407565e+01	-8.103416e-04	8.414003e-05	1.092599e-03
2.530814062574759e-03	1.407567e+01	-9.605407e-04	9.951235e-05	1.092579e-03
2.535696875074759e-03	1.407568e+01	-1.109841e-03	1.148450e-04	1.092560e-03
2.540579687574759e-03	1.407570e+01	-1.258095e-03	1.300169e-04	1.092540e-03
2.545462500074759e-03	1.407572e+01	-1.405169e-03	1.451205e-04	1.092521e-03
2.550345312574758e-03	1.407573e+01	-1.550919e-03	1.600348e-04	1.092502e-03
2.555228125074758e-03	1.407574e+01	-1.695215e-03	1.748526e-04	1.092483e-03
2.560110937574758e-03	1.407576e+01	-1.837913e-03	1.894531e-04	1.092464e-03
2.564993750074758e-03	1.407577e+01	-1.978887e-03	2.039293e-04	1.092445e-03
2.569876562574758e-03	1.407579e+01	-2.117996e-03	2.181610e-04	1.092427e-03
2.574759375074758e-03	1.407580e+01	-2.255117e-03	2.322413e-04	1.092409e-03
2.579642187574758e-03	1.407582e+01	-2.390113e-03	2.460505e-04	1.092391e-03
2.584525000074758e-03	1.407583e+01	-2.522866e-03	2.596820e-04	1.092374e-03
2.589407812574758e-03	1.407584e+01	-2.653241e-03	2.730165e-04	1.092357e-03
2.594290625074758e-03	1.407586e+01	-2.781125e-03	2.861480e-04	1.092340e-03
2.599173437574757e-03	1.407587e+01	-2.906389e-03	2.989576e-04	1.092323e-03
2.604056250074757e-03	1.407588e+01	-3.028923e-03	3.115397e-04	1.092307e-03
2.608939062574757e-03	1.407589e+01	-3.148604e-03	3.237760e-04	1.092292e-03
2.613821875074757e-03	1.407591e+01	-3.265327e-03	3.357616e-04	1.092276e-03
2.618704687574757e-03	1.407592e+01	-3.378975e-03	3.473785e-04	1.092261e-03
2.623587500074757e-03	1.407593e+01	-3.489447e-03	3.587224e-04	1.092247e-03
2.628470312574757e-03	1.407594e+01	-3.596634e-03	3.696761e-04	1.092233e-03
2.633353125074757e-03	1.407595e+01	-3.700441e-03	3.803358e-04	1.092219e-03
2.638235937574757e-03	1.407596e+01	-3.800763e-03	3.905849e-04	1.092206e-03
2.643118750074757e-03	1.407597e+01	-3.897513e-03	4.005203e-04	1.092193e-03
2.648001562574756e-03	1.407598e+01	-3.990592e-03	4.100261e-04	1.092181e-03
2.652884375074756e-03	1.407599e+01	-4.079921e-03	4.192000e-04	1.092169e-03
2.657767187574756e-03	1.407600e+01	-4.165409e-03	4.279266e-04	1.092158e-03
2.662650000074756e-03	1.407601e+01	-4.246980e-03	4.363045e-04	1.092147e-03
2.667532812574756e-03	1.407601e+01	-4.324554e-03	4.442191e-04	1.092137e-03
2.672415625074756e-03	1.407602e+01	-4.398061e-03	4.517695e-04	1.092128e-03
2.677298437574756e-03	1.407603e+01	-4.467428e-03	4.588420e-04	1.092118e-03
2.682181250074756e-03	1.407604e+01	-4.532595e-03	4.655367e-04	1.092110e-03
2.687064062574756e-03	1.407604e+01	-4.593494e-03	4.717405e-04	1.092102e-03
2.691946875074755e-03	1.407605e+01	-4.650075e-03	4.775543e-04	1.092094e-03
2.696829687574755e-03	1.407605e+01	-4.702278e-03	4.828659e-04	1.092088e-03
2.701712500074755e-03	1.407606e+01	-4.750060e-03	4.877770e-04	1.092081e-03
2.706595312574755e-03	1.407606e+01	-4.793370e-03	4.921764e-04	1.092076e-03
2.711478125074755e-03	1.407607e+01	-4.832173e-03	4.961665e-04	1.092070e-03
2.716360937574755e-03	1.407607e+01	-4.866427e-03	4.996369e-04	1.092066e-03
2.721243750074755e-03	1.407607e+01	-4.896105e-03	5.026910e-04	1.092062e-03
2.726126562574755e-03	1.407608e+01	-4.921174e-03	5.052193e-04	1.092059e-03
2.731009375074755e-03	1.407608e+01	-4.941616e-03	5.073260e-04	1.092056e-03
2.735892187574755e-03	1.407608e+01	-4.957405e-03	5.089025e-04	1.092054e-03
2.740775000074754e-03	1.407608e+01	-4.968533e-03	5.100541e-04	1.092053e-03
2.745657812574754e-03	1.407608e+01	-4.974984e-03	5.106729e-04	1.092052e-03
2.750540625074754e-03	1.407608e+01	-4.976757e-03	5.108650e-04	1.092052e-03
2.755423437574754e-03	1.407608e+01	-4.973844e-03	5.105236e-04	1.092052e-03
2.760306250074754e-03	1.407608e+01	-4.966255e-03	5.097556e-04	1.092053e-03
2.765189062574754e-03	1.407608e+01	-4.953990e-03	5.084552e-04	1.092055e-03
2.770071875074754e-03	1.407608e+01	-4.937068e-03	5.067302e-04	1.092057e-03
2.774954687574754e-03	1.407607e+01	-4.915497e-03	5.044756e-04	1.092060e-03
2.779837500074754e-03	1.407607e+01	-4.889305e-03	5.018000e-04	1.092063e-03
2.784720312574753e-03	1.407607e+01	-4.858509e-03	4.985995e-04	1.092067e-03
2.789603125074753e-03	1.407607e+01	-4.823146e-03	4.949837e-04	1.092072e-03
2.794485937574753e-03	1.407606e+01	-4.783241e-03	4.908494e-04	1.092077e-03
2.799368750074753e-03	1.407606e+01	-4.738840e-03	4.863070e-04	1.092083e-03
2.804251562574753e-03	1.407605e+01	-4.689977e-03	4.812542e-04	1.092090e-03
2.809134375074753e-03	1.407605e+01	-4.636704e-03	4.758025e-04	1.092097e-03
2.814017187574753e-03	1.407604e+01	-4.579066e-03	4.698502e-04	1.092104e-03
2.818900000074753e-03	1.407603e+01	-4.517124e-03	4.635097e-04	1.092112e-03
2.823782812574753e-03	1.407603e+01	-4.450927e-03	4.566803e-04	1.092121e-03
2.828665625074753e-03	1.407602e+01	-4.380547e-03	4.494750e-04	1.092130e-03
2.833548437574752e-03	1.407601e+01	-4.306043e-03	4.417939e-04	1.092140e-03
2.838431250074752e-03	1.407600e+01	-4.227491e-03	4.337510e-04	1.092150e-03
2.843314062574752e-03	1.407600e+01	-4.144957e-03	4.252472e-04	1.092161e-03
2.848196875074752e-03	1.407599e+01	-4.058528e-03	4.163972e-04	1.092173e-03
2.853079687574752e-03	1.407598e+01	-3.968277e-03	4.071026e-04	1.092185e-03
2.857962500074752e-03	1.407597e+01	-3.874297e-03	3.974787e-04	1.092197e-03
2.862845312574752e-03	1.407596e+01	-3.776668e-03	3.874281e-04	1.092210e-03
2.867728125074752e-03	1.407595e+01	-3.675490e-03	3.770669e-04	1.092223e-03
2.872610937574752e-03	1.407594e+01	-3.570851e-03	3.662981e-04	1.092237e-03
2.877493750074752e-03	1.407593e+01	-3.462856e-03	3.552385e-04	1.092251e-03
2.882376562574751e-03	1.407591e+01	-3.351600e-03	3.437919e-04	1.092266e-03
2.887259375074751e-03	1.407590e+01	-3.237194e-03	3.320758e-04	1.092281e-03
2.892142187574751e-03	1.407589e+01	-3.119740e-03	3.199944e-04	1.092296e-03
2.897025000074751e-03	1.407588e+01	-2.999355e-03	3.076659e-04	1.092312e-03
2.901907812574751e-03	1.407587e+01	-2.876145e-03	2.949950e-04	1.092328e-03
2.906790625074751e-03	1.407585e+01	-2.750233e-03	2.821007e-04	1.092345e-03
2.911673437574751e-03	1.407584e+01	-2.621731e-03	2.688881e-04	1.092362e-03
2.916556250074751e-03	1.407583e+01	-2.490766e-03	2.554764e-04	1.092379e-03
2.921439062574751e-03	1.407581e+01	-2.357455e-03	2.417716e-04	1.092396e-03
2.926321875074750e-03	1.407580e+01	-2.221931e-03	2.278933e-04	1.092414e-03
2.931204687574750e-03	1.407578e+01	-2.084313e-03	2.137479e-04	1.092432e-03
2.936087500074750e-03	1.407577e+01	-1.944739e-03	1.994552e-04	1.092451e-03
2.940970312574750e-03	1.407576e+01	-1.803332e-03	1.849223e-04	1.092469e-03
2.945853125074750e-03	1.407574e+01	-1.660234e-03	1.702693e-04	1.092488e-03
2.950735937574750e-03	1.407573e+01	-1.515571e-03	1.554034e-04	1.092507e-03
2.955618750074750e-03	1.407571e+01	-1.369486e-03	1.404452e-04	1.092526e-03
2.960501562574750e-03	1.407570e+01	-1.222111e-03	1.253022e-04	1.092546e-03
2.965384375074750e-03	1.407568e+01	-1.073590e-03	1.100953e-04	1.092565e-03
2.970267187574750e-03	1.407567e+01	-9.240575e-04	9.473207e-05	1.092585e-03
2.975150000074749e-03	1.407565e+01	-7.736600e-04	7.933379e-05	1.092605e-03
2.980032812574749e-03	1.407563e+01	-6.225325e-04	6.380821e-05	1.092625e-03
2.984915625074749e-03	1.407562e+01	-4.708241e-04	4.827650e-05	1.092645e-03
2.989798437574749e-03	1.407560e+01	-3.186707e-04	3.264680e-05	1.092665e-03
2.994681250074749e-03	1.407559e+01	-1.662224e-04	1.704036e-05	1.092685e-03
2.999564062574749e-03	1.407557e+01	-1.361577e-05	1.365230e-06	1.092705e-03
3.004446875074749e-03	1.407556e+01	1.389986e-04	-1.425716e-05	1.092725e-03
3.009329687574749e-03	1.407554e+01	2.914841e-04	-2.991876e-05	1.092745e-03
3.014212500074749e-03	1.407553e+01	4.436903e-04	-4.549822e-05	1.092765e-03
3.019095312574748e-03	1.407551e+01	5.954807e-04	-6.108744e-05	1.092785e-03
3.023978125074748e-03	1.407549e+01	7.467057e-04	-7.656524e-05	1.092805e-03
3.028860937574748e-03	1.407548e+01	8.972298e-04	-9.202351e-05	1.092824e-03
3.033743750074748e-03	1.407546e+01	1.046904e-03	-1.073413e-04	1.092844e-03
3.038626562574748e-03	1.407545e+01	1.195596e-03	-1.226105e-04	1.092864e-03
3.043509375074748e-03	1.407543e+01	1.343156e-03	-1.377105e-04	1.092883e-03
3.048392187574748e-03	1.407542e+01	1.489455e-03	-1.527334e-04	1.092902e-03
3.053275000074748e-03	1.407540e+01	1.634347e-03	-1.675586e-04	1.092921e-03
3.058157812574748e-03	1.407539e+01	1.777703e-03	-1.822787e-04	1.092940e-03
3.063040625074748e-03	1.407537e+01	1.919380e-03	-1.967733e-04	1.092959e-03
3.067923437574747e-03	1.407536e+01	2.059253e-03	-2.111353e-04	1.092977e-03
3.072806250074747e-03	1.407535e+01	2.197183e-03	-2.252446e-04	1.092995e-03
3.077689062574747e-03	1.407533e+01	2.333046e-03	-2.391946e-04	1.093013e-03
3.082571875074747e-03	1.407532e+01	2.466709e-03	-2.528655e-04	1.093031e-03
3.087454687574747e-03	1.407530e+01	2.598052e-03	-2.663509e-04	1.093048e-03
3.092337500074747e-03	1.407529e+01	2.726945e-03	-2.795318e-04	1.093065e-03
3.097220312574747e-03	1.407528e+01	2.853274e-03	-2.925022e-04	1.093081e-03
3.102103125074747e-03	1.407526e+01	2.976911e-03	-3.051433e-04	1.093098e-03
3.106985937574747e-03	1.407525e+01	3.097750e-03	-3.175499e-04	1.093114e-03
3.111868750074747e-03	1.407524e+01	3.215667e-03	-3.296037e-04	1.093129e-03
3.116751562574746e-03	1.407523e+01	3.330560e-03	-3.413999e-04	1.093144e-03
3.121634375074746e-03	1.407522e+01	3.442313e-03	-3.528208e-04	1.093159e-03
3.126517187574746e-03	1.407521e+01	3.550829e-03	-3.639624e-04	1.093173e-03
3.131400000074746e-03	1.407520e+01	3.655997e-03	-3.747074e-04	1.093187e-03
3.136282812574746e-03	1.407518e+01	3.757727e-03	-3.851524e-04	1.093200e-03
3.141165625074746e-03	1.407518e+01	3.855915e-03	-3.951809e-04	1.093213e-03
3.146048437574746e-03	1.407517e+01	3.950475e-03	-4.048902e-04	1.093226e-03
3.150931250074746e-03	1.407516e+01	4.041313e-03	-4.141644e-04	1.093237e-03
3.155814062574746e-03	1.407515e+01	4.128349e-03	-4.231016e-04	1.093249e-03
3.160696875074745e-03	1.407514e+01	4.211494e-03	-4.315866e-04	1.093260e-03
3.165579687574745e-03	1.407513e+01	4.290678e-03	-4.397180e-04	1.093270e-03
3.170462500074745e-03	1.407512e+01	4.365818e-03	-4.473817e-04	1.093280e-03
3.175345312574745e-03	1.407512e+01	4.436851e-03	-4.546771e-04	1.093289e-03
3.180228125074745e-03	1.407511e+01	4.503704e-03	-4.614904e-04	1.093298e-03
3.185110937574745e-03	1.407510e+01	4.566320e-03	-4.679222e-04	1.093306e-03
3.189993750074745e-03	1.407510e+01	4.624633e-03	-4.738596e-04	1.093314e-03
3.194876562574745e-03	1.407509e+01	4.678595e-03	-4.794038e-04	1.093321e-03
3.199759375074745e-03	1.407509e+01	4.728149e-03	-4.844428e-04	1.093328e-03
3.204642187574745e-03	1.407508e+01	4.773255e-03	-4.890785e-04	1.093334e-03
3.209525000074744e-03	1.407508e+01	4.813863e-03	-4.932001e-04	1.093339e-03
3.214407812574744e-03	1.407507e+01	4.849943e-03	-4.969101e-04	1.093344e-03
3.219290625074744e-03	1.407507e+01	4.881453e-03	-5.000985e-04	1.093348e-03
3.224173437574744e-03	1.407507e+01	4.908370e-03	-5.028690e-04	1.093351e-03
3.229056250074744e-03	1.407507e+01	4.930663e-03	-5.051122e-04	1.093354e-03
3.233939062574744e-03	1.407506e+01	4.948318e-03	-5.069327e-04	1.093357e-03
3.238821875074744e-03	1.407506e+01	4.961310e-03	-5.082222e-04	1.093358e-03
3.243704687574744e-03	1.407506e+01	4.969635e-03	-5.090861e-04	1.093359e-03
3.248587500074744e-03	1.407506e+01	4.973277e-03	-5.094169e-04	1.093360e-03
3.253470312574743e-03	1.407506e+01	4.972241e-03	-5.093210e-04	1.093360e-03
3.258353125074743e-03	1.407506e+01	4.966520e-03	-5.086917e-04	1.093359e-03
3.263235937574743e-03	1.407506e+01	4.956126e-03	-5.076365e-04	1.093357e-03
3.268118750074743e-03	1.407506e+01	4.941063e-03	-5.060494e-04	1.093355e-03
3.273001562574743e-03	1.407507e+01	4.921352e-03	-5.040389e-04	1.093353e-03
3.277884375074743e-03	1.407507e+01	4.897003e-03	-5.015000e-04	1.093350e-03
3.282767187574743e-03	1.407507e+01	4.868048e-03	-4.985419e-04	1.093346e-03
3.287650000074743e-03	1.407508e+01	4.834506e-03	-4.950605e-04	1.093341e-03
3.292532812574743e-03	1.407508e+01	4.796416e-03	-4.911660e-04	1.093336e-03
3.297415625074743e-03	1.407508e+01	4.753806e-03	-4.867552e-04	1.093331e-03
3.302298437574742e-03	1.407509e+01	4.706725e-03	-4.819390e-04	1.093325e-03
3.307181250074742e-03	1.407509e+01	4.655208e-03	-4.766153e-04	1.093318e-03
3.312064062574742e-03	1.407510e+01	4.599312e-03	-4.708957e-04	1.093310e-03
3.316946875074742e-03	1.407511e+01	4.539082e-03	-4.646790e-04	1.093302e-03
3.321829687574742e-03	1.407511e+01	4.474583e-03	-4.580776e-04	1.093294e-03
3.326712500074742e-03	1.407512e+01	4.405866e-03	-4.509912e-04	1.093285e-03
3.331595312574742e-03	1.407513e+01	4.333005e-03	-4.435330e-04	1.093275e-03
3.336478125074742e-03	1.407513e+01	4.256061e-03	-4.356033e-04	1.093265e-03
3.341360937574742e-03	1.407514e+01	4.175114e-03	-4.273164e-04	1.093255e-03
3.346243750074742e-03	1.407515e+01	4.090231e-03	-4.185735e-04	1.093243e-03
3.351126562574741e-03	1.407516e+01	4.001501e-03	-4.094891e-04	1.093232e-03
3.356009375074741e-03	1.407517e+01	3.909000e-03	-3.999655e-04	1.093220e-03
3.360892187574741e-03	1.407518e+01	3.812822e-03	-3.901181e-04	1.093207e-03
3.365775000074741e-03	1.407519e+01	3.713050e-03	-3.798496e-04	1.093194e-03
3.370657812574741e-03	1.407520e+01	3.609786e-03	-3.692762e-04	1.093180e-03
3.375540625074741e-03	1.407521e+01	3.503119e-03	-3.583013e-04	1.093166e-03
3.380423437574741e-03	1.407522e+01	3.393157e-03	-3.470419e-04	1.093152e-03
3.385306250074741e-03	1.407523e+01	3.279997e-03	-3.354019e-04	1.093137e-03
3.390189062574741e-03	1.407525e+01	3.163751e-03	-3.234989e-04	1.093121e-03
3.395071875074740e-03	1.407526e+01	3.044523e-03	-3.112374e-04	1.093106e-03
3.399954687574740e-03	1.407527e+01	2.922431e-03	-2.987357e-04	1.093090e-03
3.404837500074740e-03	1.407528e+01	2.797584e-03	-2.858988e-04	1.093073e-03
3.409720312574740e-03	1.407530e+01	2.670106e-03	-2.728454e-04	1.093057e-03
3.414603125074740e-03	1.407531e+01	2.540109e-03	-2.594814e-04	1.093039e-03
3.419485937574740e-03	1.407532e+01	2.407724e-03	-2.459257e-04	1.093022e-03
3.424368750074740e-03	1.407534e+01	2.273068e-03	-2.320846e-04	1.093004e-03
3.429251562574740e-03	1.407535e+01	2.136274e-03	-2.180778e-04	1.092986e-03
3.434134375074740e-03	1.407537e+01	1.997465e-03	-2.038117e-04	1.092968e-03
3.439017187574740e-03	1.407538e+01	1.856777e-03	-1.894064e-04	1.092950e-03
3.443900000074739e-03	1.407540e+01	1.714337e-03	-1.747688e-04	1.092931e-03
3.448782812574739e-03	1.407541e+01	1.570286e-03	-1.600195e-04	1.092912e-03
3.453665625074739e-03	1.407543e+01	1.424751e-03	-1.450655e-04	1.092893e-03
3.458548437574739e-03	1.407544e+01	1.277878e-03	-1.300276e-04	1.092874e-03
3.463431250074739e-03	1.407546e+01	1.129797e-03	-1.148134e-04	1.092854e-03
3.468314062574739e-03	1.407547e+01	9.806541e-04	-9.954365e-05	1.092834e-03
3.473196875074739e-03	1.407549e+01	8.305835e-04	-8.412628e-05	1.092815e-03
3.478079687574739e-03	1.407550e+01	6.797331e-04	-6.868237e-05	1.092795e-03
3.482962500074739e-03	1.407552e+01	5.282379e-04	-5.311984e-05	1.092775e-03
3.487845312574738e-03	1.407553e+01	3.762475e-04	-3.755993e-05	1.092755e-03
3.492728125074738e-03	1.407555e+01	2.238978e-04	-2.191061e-05	1.092735e-03
3.497610937574738e-03	1.407556e+01	7.133945e-05	-6.293345e-06	1.092715e-03
3.502493750074738e-03	1.407558e+01	-8.129117e-05	9.383818e-06	1.092695e-03
3.507376562574738e-03	1.407559e+01	-2.338433e-04	2.499958e-05	1.092675e-03
3.512259375074738e-03	1.407561e+01	-3.861805e-04	4.064577e-05	1.092655e-03
3.517142187574738e-03	1.407563e+01	-5.381522e-04	5.620109e-05	1.092635e-03
3.522025000074738e-03	1.407564e+01	-6.896225e-04	7.175753e-05	1.092615e-03
3.526907812574738e-03	1.407566e+01	-8.404419e-04	8.719377e-05	1.092595e-03
3.531790625074738e-03	1.407567e+01	-9.904753e-04	1.026019e-04	1.092575e-03
3.536673437574737e-03	1.407569e+01	-1.139575e-03	1.178610e-04	1.092556e-03
3.541556250074737e-03	1.407570e+01	-1.287606e-03	1.330630e-04	1.092536e-03
3.546439062574737e-03	1.407572e+01	-1.434424e-03	1.480872e-04	1.092517e-03
3.551321875074737e-03	1.407573e+01	-1.579898e-03	1.630260e-04	1.092498e-03
3.556204687574737e-03	1.407575e+01	-1.723882e-03	1.777588e-04	1.092479e-03
3.561087500074737e-03	1.407576e+01	-1.866249e-03	1.923782e-04	1.092460e-03
3.565970312574737e-03	1.407578e+01	-2.006857e-03	2.067640e-04	1.092442e-03
3.570853125074737e-03	1.407579e+01	-2.145582e-03	2.210090e-04	1.092423e-03
3.575735937574737e-03	1.407580e+01	-2.282285e-03	2.349936e-04	1.092406e-03
3.580618750074737e-03	1.407582e+01	-2.416846e-03	2.488108e-04	1.092388e-03
3.585501562574736e-03	1.407583e+01	-2.549130e-03	2.623413e-04	1.092370e-03
3.590384375074736e-03	1.407585e+01	-2.679019e-03	2.756789e-04	1.092353e-03
3.595267187574736e-03	1.407586e+01	-2.806386e-03	2.887043e-04	1.092337e-03
3.600150000074736e-03	1.407587e+01	-2.931116e-03	3.015120e-04	1.092320e-03
3.605032812574736e-03	1.407588e+01	-3.053086e-03	3.139833e-04	1.092304e-03
3.609915625074736e-03	1.407590e+01	-3.172187e-03	3.262130e-04	1.092289e-03
3.614798437574736e-03	1.407591e+01	-3.288301e-03	3.380831e-04	1.092273e-03
3.619681250074736e-03	1.407592e+01	-3.401325e-03	3.496889e-04	1.092258e-03
3.624564062574736e-03	1.407593e+01	-3.511146e-03	3.609130e-04	1.092244e-03
3.629446875074735e-03	1.407594e+01	-3.617667e-03	3.718513e-04	1.092230e-03
3.634329687574735e-03	1.407595e+01	-3.720782e-03	3.823870e-04	1.092216e-03
3.639212500074735e-03	1.407596e+01	-3.820400e-03	3.926167e-04	1.092203e-03
3.644095312574735e-03	1.407597e+01	-3.916420e-03	4.024244e-04	1.092191e-03
3.648978125074735e-03	1.407598e+01	-4.008759e-03	4.119072e-04	1.092179e-03
3.653860937574735e-03	1.407599e+01	-4.097323e-03	4.209496e-04	1.092167e-03
3.658743750074735e-03	1.407600e+01	-4.182037e-03	4.296498e-04	1.092156e-03
3.663626562574735e-03	1.407601e+01	-4.262812e-03	4.378930e-04	1.092145e-03
3.668509375074735e-03	1.407602e+01	-4.339581e-03	4.457780e-04	1.092135e-03
3.673392187574735e-03	1.407602e+01	-4.412263e-03	4.531907e-04	1.092126e-03
3.678275000074734e-03	1.407603e+01	-4.480798e-03	4.602308e-04	1.092117e-03
3.683157812574734e-03	1.407604e+01	-4.545113e-03	4.667852e-04	1.092108e-03
3.688040625074734e-03	1.407604e+01	-4.605156e-03	4.729541e-04	1.092100e-03
3.692923437574734e-03	1.407605e+01	-4.660863e-03	4.786252e-04	1.092093e-03
3.697806250074734e-03	1.407605e+01	-4.712188e-03	4.838998e-04	1.092086e-03
3.702689062574734e-03	1.407606e+01	-4.759076e-03	4.886663e-04	1.092080e-03
3.707571875074734e-03	1.407606e+01	-4.801490e-03	4.930267e-04	1.092075e-03
3.712454687574734e-03	1.407607e+01	-4.839384e-03	4.968705e-04	1.092070e-03
3.717337500074734e-03	1.407607e+01	-4.872728e-03	5.003005e-04	1.092065e-03
3.722220312574734e-03	1.407607e+01	-4.901483e-03	5.032070e-04	1.092062e-03
3.727103125074733e-03	1.407608e+01	-4.925631e-03	5.056938e-04	1.092058e-03
3.731985937574733e-03	1.407608e+01	-4.945141e-03	5.076520e-04	1.092056e-03
3.736868750074733e-03	1.407608e+01	-4.960002e-03	5.091864e-04	1.092054e-03
3.741751562574733e-03	1.407608e+01	-4.970193e-03	5.101888e-04	1.092053e-03
3.746634375074733e-03	1.407608e+01	-4.975711e-03	5.107649e-04	1.092052e-03
3.751517187574733e-03	1.407608e+01	-4.976544e-03	5.108077e-04	1.092052e-03
3.756400000074733e-03	1.407608e+01	-4.972698e-03	5.104236e-04	1.092052e-03
3.761282812574733e-03	1.407608e+01	-4.964171e-03	5.095063e-04	1.092053e-03
3.766165625074733e-03	1.407608e+01	-4.950976e-03	5.081635e-04	1.092055e-03
3.771048437574732e-03	1.407608e+01	-4.933120e-03	5.062898e-04	1.092057e-03
3.775931250074732e-03	1.407607e+01	-4.910626e-03	5.039935e-04	1.092060e-03
3.780814062574732e-03	1.407607e+01	-4.883508e-03	5.011701e-04	1.092064e-03
3.785696875074732e-03	1.407607e+01	-4.851799e-03	4.979290e-04	1.092068e-03
3.790579687574732e-03	1.407606e+01	-4.815522e-03	4.941666e-04	1.092073e-03
3.795462500074732e-03	1.407606e+01	-4.774718e-03	4.899929e-04	1.092078e-03
3.800345312574732e-03	1.407606e+01	-4.729418e-03	4.853054e-04	1.092084e-03
3.805228125074732e-03	1.407605e+01	-4.679671e-03	4.802151e-04	1.092091e-03
3.810110937574732e-03	1.407605e+01	-4.625519e-03	4.746202e-04	1.092098e-03
3.814993750074732e-03	1.407604e+01	-4.567018e-03	4.686325e-04	1.092106e-03
3.819876562574731e-03	1.407603e+01	-4.504217e-03	4.621510e-04	1.092114e-03
3.824759375074731e-03	1.407603e+01	-4.437183e-03	4.552885e-04	1.092123e-03
3.829642187574731e-03	1.407602e+01	-4.365969e-03	4.479448e-04	1.092132e-03
3.834525000074731e-03	1.407601e+01	-4.290652e-03	4.402335e-04	1.092142e-03
3.839407812574731e-03	1.407600e+01	-4.211295e-03	4.320552e-04	1.092153e-03
3.844290625074731e-03	1.407599e+01	-4.127979e-03	4.235241e-04	1.092163e-03
3.849173437574731e-03	1.407598e+01	-4.040776e-03	4.145418e-04	1.092175e-03
3.854056250074731e-03	1.407598e+01	-3.949775e-03	4.052233e-04	1.092187e-03
3.858939062574731e-03	1.407597e+01	-3.855055e-03	3.954707e-04	1.092199e-03
3.863821875074730e-03	1.407596e+01	-3.756712e-03	3.853999e-04	1.092212e-03
3.868704687574730e-03	1.407594e+01	-3.654831e-03	3.749137e-04	1.092226e-03
3.873587500074730e-03	1.407593e+01	-3.549515e-03	3.641286e-04	1.092240e-03
3.878470312574730e-03	1.407592e+01	-3.440857e-03	3.529481e-04	1.092254e-03
3.883353125074730e-03	1.407591e+01	-3.328965e-03	3.414894e-04	1.092269e-03
3.888235937574730e-03	1.407590e+01	-3.213939e-03	3.296566e-04	1.092284e-03
3.893118750074730e-03	1.407589e+01	-3.095892e-03	3.175675e-04	1.092299e-03
3.898001562574730e-03	1.407588e+01	-2.974930e-03	3.051269e-04	1.092315e-03
3.902884375074730e-03	1.407586e+01	-2.851173e-03	2.924532e-04	1.092331e-03
3.907767187574730e-03	1.407585e+01	-2.724731e-03	2.794514e-04	1.092348e-03
3.912650000074729e-03	1.407584e+01	-2.595729e-03	2.662408e-04	1.092365e-03
3.917532812574729e-03	1.407582e+01	-2.464283e-03	2.527267e-04	1.092382e-03
3.922415625074729e-03	1.407581e+01	-2.330522e-03	2.390289e-04	1.092400e-03
3.927298437574729e-03	1.407580e+01	-2.194565e-03	2.250534e-04	1.092418e-03
3.932181250074729e-03	1.407578e+01	-2.056549e-03	2.109202e-04	1.092436e-03
3.937064062574729e-03	1.407577e+01	-1.916595e-03	1.965357e-04	1.092454e-03
3.941946875074729e-03	1.407575e+01	-1.774842e-03	1.820203e-04	1.092473e-03
3.946829687574729e-03	1.407574e+01	-1.631417e-03	1.672809e-04	1.092492e-03
3.951712500074729e-03	1.407572e+01	-1.486461e-03	1.524381e-04	1.092511e-03
3.956595312574729e-03	1.407571e+01	-1.340105e-03	1.373992e-04	1.092530e-03
3.961478125074728e-03	1.407569e+01	-1.192492e-03	1.222850e-04	1.092550e-03
3.966360937574728e-03	1.407568e+01	-1.043755e-03	1.070030e-04	1.092569e-03
3.971243750074728e-03	1.407566e+01	-8.940408e-04	9.167426e-05	1.092589e-03
3.976126562574728e-03	1.407565e+01	-7.434832e-04	7.620665e-05	1.092609e-03
3.981009375074728e-03	1.407563e+01	-5.922309e-04	6.072133e-05	1.092629e-03
3.985892187574728e-03	1.407562e+01	-4.404193e-04	4.512623e-05	1.092648e-03
3.990775000074728e-03	1.407560e+01	-2.881982e-04	2.954266e-05	1.092669e-03
3.995657812574728e-03	1.407558e+01	-1.357040e-04	1.387859e-05	1.092689e-03
4.000540625074728e-03	1.407557e+01	1.691293e-05	-1.744519e-06	1.092709e-03
4.005423437574727e-03	1.407555e+01	1.695158e-04	-1.741853e-05	1.092729e-03
4.010306250074727e-03	1.407554e+01	3.219541e-04	-3.302224e-05	1.092749e-03
4.015189062574727e-03	1.407552e+01	4.740914e-04	-4.864749e-05	1.092769e-03
4.020071875074727e-03	1.407551e+01	6.257773e-04	-6.417294e-05	1.092789e-03
4.024954687574727e-03	1.407549e+01	7.768763e-04	-7.969064e-05	1.092809e-03
4.029837500074727e-03	1.407548e+01	9.272390e-04	-9.507932e-05	1.092828e-03
4.034720312574727e-03	1.407546e+01	1.076731e-03	-1.104312e-04	1.092848e-03
4.039603125074727e-03	1.407545e+01	1.225204e-03	-1.256251e-04	1.092867e-03
4.044485937574727e-03	1.407543e+01	1.372527e-03	-1.407534e-04	1.092887e-03
4.049368750074727e-03	1.407541e+01	1.518552e-03	-1.556952e-04	1.092906e-03
4.054251562574726e-03	1.407540e+01	1.663150e-03	-1.705432e-04	1.092925e-03
4.059134375074726e-03	1.407539e+01	1.806178e-03	-1.851767e-04	1.092944e-03
4.064017187574726e-03	1.407537e+01	1.947508e-03	-1.996885e-04	1.092962e-03
4.068900000074726e-03	1.407536e+01	2.087000e-03	-2.139584e-04	1.092981e-03
4.073782812574726e-03	1.407534e+01	2.224530e-03	-2.280796e-04	1.092999e-03
4.078665625074726e-03	1.407533e+01	2.359961e-03	-2.419321e-04	1.093017e-03
4.083548437574726e-03	1.407531e+01	2.493172e-03	-2.556095e-04	1.093034e-03
4.088431250074726e-03	1.407530e+01	2.624033e-03	-2.689924e-04	1.093051e-03
4.093314062574726e-03	1.407529e+01	2.752425e-03	-2.821749e-04	1.093068e-03
4.098196875074725e-03	1.407528e+01	2.878222e-03	-2.950377e-04	1.093085e-03
4.103079687574725e-03	1.407526e+01	3.001312e-03	-3.076756e-04	1.093101e-03
4.107962500074725e-03	1.407525e+01	3.121572e-03	-3.199698e-04	1.093117e-03
4.112845312574725e-03	1.407524e+01	3.238896e-03	-3.320157e-04	1.093132e-03
4.117728125074725e-03	1.407523e+01	3.353167e-03	-3.436950e-04	1.093147e-03
4.122610937574725e-03	1.407522e+01	3.464284e-03	-3.551035e-04	1.093162e-03
4.127493750074725e-03	1.407520e+01	3.572135e-03	-3.661239e-04	1.093176e-03
4.132376562574725e-03	1.407519e+01	3.676627e-03	-3.768524e-04	1.093190e-03
4.137259375074725e-03	1.407518e+01	3.777653e-03	-3.871722e-04	1.093203e-03
4.142142187574725e-03	1.407517e+01	3.875125e-03	-3.971803e-04	1.093216e-03
4.147025000074724e-03	1.407516e+01	3.968945e-03	-4.067607e-04	1.093228e-03
4.151907812574724e-03	1.407515e+01	4.059032e-03	-4.160109e-04	1.093240e-03
4.156790625074724e-03	1.407515e+01	4.145293e-03	-4.248155e-04	1.093251e-03
4.161673437574724e-03	1.407514e+01	4.227655e-03	-4.332731e-04	1.093262e-03
4.166556250074724e-03	1.407513e+01	4.306034e-03	-4.412690e-04	1.093272e-03
4.171439062574724e-03	1.407512e+01	4.380361e-03	-4.489022e-04	1.093282e-03
4.176321875074724e-03	1.407511e+01	4.450561e-03	-4.560590e-04	1.093291e-03
4.181204687574724e-03	1.407511e+01	4.516573e-03	-4.628393e-04	1.093300e-03
4.186087500074724e-03	1.407510e+01	4.578330e-03	-4.691300e-04	1.093308e-03
4.190970312574724e-03	1.407510e+01	4.635780e-03	-4.750318e-04	1.093316e-03
4.195853125074723e-03	1.407509e+01	4.688862e-03	-4.804327e-04	1.093322e-03
4.200735937574723e-03	1.407508e+01	4.737532e-03	-4.854341e-04	1.093329e-03
4.205618750074723e-03	1.407508e+01	4.781739e-03	-4.899247e-04	1.093335e-03
4.210501562574723e-03	1.407508e+01	4.821448e-03	-4.940068e-04	1.093340e-03
4.215384375074723e-03	1.407507e+01	4.856613e-03	-4.975701e-04	1.093344e-03
4.220267187574723e-03	1.407507e+01	4.887210e-03	-5.007178e-04	1.093348e-03
4.225150000074723e-03	1.407507e+01	4.913202e-03	-5.033404e-04	1.093352e-03
4.230032812574723e-03	1.407506e+01	4.934571e-03	-5.055419e-04	1.093355e-03
4.234915625074723e-03	1.407506e+01	4.951292e-03	-5.072136e-04	1.093357e-03
4.239798437574722e-03	1.407506e+01	4.963354e-03	-5.084608e-04	1.093358e-03
4.244681250074722e-03	1.407506e+01	4.970740e-03	-5.091754e-04	1.093359e-03
4.249564062574722e-03	1.407506e+01	4.973449e-03	-5.094636e-04	1.093360e-03
4.254446875074722e-03	1.407506e+01	4.971473e-03	-5.092183e-04	1.093359e-03
4.259329687574722e-03	1.407506e+01	4.964820e-03	-5.085465e-04	1.093359e-03
4.264212500074722e-03	1.407506e+01	4.953489e-03	-5.073420e-04	1.093357e-03
4.269095312574722e-03	1.407506e+01	4.937497e-03	-5.057129e-04	1.093355e-03
4.273978125074722e-03	1.407507e+01	4.916854e-03	-5.035538e-04	1.093352e-03
4.278860937574722e-03	1.407507e+01	4.891585e-03	-5.009735e-04	1.093349e-03
4.283743750074722e-03	1.407507e+01	4.861707e-03	-4.978678e-04	1.093345e-03
4.288626562574721e-03	1.407508e+01	4.827256e-03	-4.943463e-04	1.093340e-03
4.293509375074721e-03	1.407508e+01	4.788256e-03	-4.903054e-04	1.093335e-03
4.298392187574721e-03	1.407508e+01	4.744751e-03	-4.858559e-04	1.093330e-03
4.303275000074721e-03	1.407509e+01	4.696776e-03	-4.808952e-04	1.093323e-03
4.308157812574721e-03	1.407509e+01	4.644383e-03	-4.755346e-04	1.093316e-03
4.313040625074721e-03	1.407510e+01	4.587613e-03	-4.696724e-04	1.093309e-03
4.317923437574721e-03	1.407511e+01	4.526527e-03	-4.634210e-04	1.093301e-03
4.322806250074721e-03	1.407511e+01	4.461176e-03	-4.566794e-04	1.093292e-03
4.327689062574721e-03	1.407512e+01	4.391629e-03	-4.495607e-04	1.093283e-03
4.332571875074720e-03	1.407513e+01	4.317943e-03	-4.419650e-04	1.093273e-03
4.337454687574720e-03	1.407514e+01	4.240195e-03	-4.340060e-04	1.093263e-03
4.342337500074720e-03	1.407514e+01	4.158451e-03	-4.255846e-04	1.093252e-03
4.347220312574720e-03	1.407515e+01	4.072796e-03	-4.168153e-04	1.093241e-03
4.352103125074720e-03	1.407516e+01	3.983302e-03	-4.075998e-04	1.093229e-03
4.356985937574720e-03	1.407517e+01	3.890061e-03	-3.980533e-04	1.093217e-03
4.361868750074720e-03	1.407518e+01	3.793154e-03	-3.880783e-04	1.093204e-03
4.366751562574720e-03	1.407519e+01	3.692679e-03	-3.777907e-04	1.093191e-03
4.371634375074720e-03	1.407520e+01	3.588723e-03	-3.670935e-04	1.093177e-03
4.376517187574720e-03	1.407521e+01	3.481392e-03	-3.561036e-04	1.093163e-03
4.381400000074719e-03	1.407523e+01	3.370780e-03	-3.447245e-04	1.093149e-03
4.386282812574719e-03	1.407524e+01	3.256996e-03	-3.330737e-04	1.093134e-03
4.391165625074719e-03	1.407525e+01	3.140142e-03	-3.210554e-04	1.093118e-03
4.396048437574719e-03	1.407526e+01	3.020335e-03	-3.087876e-04	1.093103e-03
4.400931250074719e-03	1.407527e+01	2.897680e-03	-2.961752e-04	1.093086e-03
4.405814062574719e-03	1.407529e+01	2.772300e-03	-2.833368e-04	1.093070e-03
4.410696875074719e-03	1.407530e+01	2.644306e-03	-2.701776e-04	1.093053e-03
4.415579687574719e-03	1.407531e+01	2.513824e-03	-2.568168e-04	1.093036e-03
4.420462500074719e-03	1.407533e+01	2.380972e-03	-2.431604e-04	1.093018e-03
4.425345312574719e-03	1.407534e+01	2.245881e-03	-2.293278e-04	1.093001e-03
4.430228125074718e-03	1.407535e+01	2.108671e-03	-2.152254e-04	1.092983e-03
4.435110937574718e-03	1.407537e+01	1.969478e-03	-2.009730e-04	1.092964e-03
4.439993750074718e-03	1.407538e+01	1.828427e-03	-1.864775e-04	1.092946e-03
4.444876562574718e-03	1.407540e+01	1.685657e-03	-1.718592e-04	1.092927e-03
4.449759375074718e-03	1.407541e+01	1.541295e-03	-1.570251e-04	1.092908e-03
4.454642187574718e-03	1.407543e+01	1.395485e-03	-1.420959e-04	1.092889e-03
4.459525000074718e-03	1.407544e+01	1.248356e-03	-1.269789e-04	1.092870e-03
4.464407812574718e-03	1.407546e+01	1.100054e-03	-1.117950e-04	1.092850e-03
4.469290625074718e-03	1.407547e+01	9.507115e-04	-9.645204e-05	1.092830e-03
4.474173437574717e-03	1.407549e+01	8.004765e-04	-8.107082e-05	1.092811e-03
4.479056250074717e-03	1.407550e+01	6.494829e-04	-6.555939e-05	1.092791e-03
4.483939062574717e-03	1.407552e+01	4.978800e-04	-5.003881e-05	1.092771e-03
4.488821875074717e-03	1.407554e+01	3.458035e-04	-3.441724e-05	1.092751e-03
4.493704687574717e-03	1.407555e+01	1.934035e-04	-1.881583e-05	1.092731e-03
4.498587500074717e-03	1.407557e+01	4.081634e-05	-3.142758e-06	1.092711e-03
4.503470312574717e-03	1.407558e+01	-1.118073e-04	1.248069e-05	1.092691e-03
4.508353125074717e-03	1.407560e+01	-2.643307e-04	2.814630e-05	1.092671e-03
4.513235937574717e-03	1.407561e+01	-4.166034e-04	4.373289e-05	1.092651e-03
4.518118750074717e-03	1.407563e+01	-5.684891e-04	5.933222e-05	1.092631e-03
4.523001562574716e-03	1.407564e+01	-7.198378e-04	7.482313e-05	1.092611e-03
4.527884375074716e-03	1.407566e+01	-8.705141e-04	9.029762e-05	1.092591e-03
4.532767187574716e-03	1.407568e+01	-1.020369e-03	1.056345e-04	1.092571e-03
4.537650000074716e-03	1.407569e+01	-1.169269e-03	1.209259e-04	1.092552e-03
4.542532812574716e-03	1.407571e+01	-1.317066e-03	1.360508e-04	1.092532e-03
4.547415625074716e-03	1.407572e+01	-1.463629e-03	1.511017e-04	1.092513e-03
4.552298437574716e-03	1.407574e+01	-1.608813e-03	1.659578e-04	1.092494e-03
4.557181250074716e-03	1.407575e+01	-1.752487e-03	1.807116e-04	1.092475e-03
4.562064062574716e-03	1.407577e+01	-1.894510e-03	1.952428e-04	1.092457e-03
4.566946875074715e-03	1.407578e+01	-2.034755e-03	2.096441e-04	1.092438e-03
4.571829687574715e-03	1.407579e+01	-2.173083e-03	2.237956e-04	1.092420e-03
4.576712500074715e-03	1.407581e+01	-2.309371e-03	2.377903e-04	1.092402e-03
4.581595312574715e-03	1.407582e+01	-2.443483e-03	2.515086e-04	1.092384e-03
4.586478125074715e-03	1.407584e+01	-2.575301e-03	2.650441e-04	1.092367e-03
4.591360937574715e-03	1.407585e+01	-2.704693e-03	2.782777e-04	1.092350e-03
4.596243750074715e-03	1.407586e+01	-2.831545e-03	2.913031e-04	1.092333e-03
4.601126562574715e-03	1.407587e+01	-2.955729e-03	3.040018e-04	1.092317e-03
4.606009375074715e-03	1.407589e+01	-3.077137e-03	3.164684e-04	1.092301e-03
4.610892187574715e-03	1.407590e+01	-3.195647e-03	3.285845e-04	1.092285e-03
4.615775000074714e-03	1.407591e+01	-3.311154e-03	3.404452e-04	1.092270e-03
4.620657812574714e-03	1.407592e+01	-3.423543e-03	3.519330e-04	1.092256e-03
4.625540625074714e-03	1.407593e+01	-3.532715e-03	3.631434e-04	1.092241e-03
4.630423437574714e-03	1.407594e+01	-3.638560e-03	3.739593e-04	1.092227e-03
4.635306250074714e-03	1.407595e+01	-3.740986e-03	3.844773e-04	1.092214e-03
4.640189062574714e-03	1.407596e+01	-3.839889e-03	3.945807e-04	1.092201e-03
4.645071875074714e-03	1.407597e+01	-3.935183e-03	4.043667e-04	1.092188e-03
4.649954687574714e-03	1.407598e+01	-4.026772e-03	4.137195e-04	1.092176e-03
4.654837500074714e-03	1.407599e+01	-4.114575e-03	4.227368e-04	1.092165e-03
4.659720312574714e-03	1.407600e+01	-4.198504e-03	4.313036e-04	1.092154e-03
4.664603125074713e-03	1.407601e+01	-4.278487e-03	4.395184e-04	1.092143e-03
4.669485937574713e-03	1.407602e+01	-4.354441e-03	4.472668e-04	1.092133e-03
4.674368750074713e-03	1.407603e+01	-4.426302e-03	4.546482e-04	1.092124e-03
4.679251562574713e-03	1.407603e+01	-4.493995e-03	4.615491e-04	1.092115e-03
4.684134375074713e-03	1.407604e+01	-4.557463e-03	4.680695e-04	1.092107e-03
4.689017187574713e-03	1.407604e+01	-4.616641e-03	4.740967e-04	1.092099e-03
4.693900000074713e-03	1.407605e+01	-4.671478e-03	4.797315e-04	1.092092e-03
4.698782812574713e-03	1.407605e+01	-4.721917e-03	4.848622e-04	1.092085e-03
4.703665625074713e-03	1.407606e+01	-4.767917e-03	4.895905e-04	1.092079e-03
4.708548437574712e-03	1.407606e+01	-4.809427e-03	4.938053e-04	1.092074e-03
4.713431250074712e-03	1.407607e+01	-4.846416e-03	4.976092e-04	1.092069e-03
4.718314062574712e-03	1.407607e+01	-4.878841e-03	5.008922e-04	1.092064e-03
4.723196875074712e-03	1.407607e+01	-4.906680e-03	5.037576e-04	1.092061e-03
4.728079687574712e-03	1.407608e+01	-4.929900e-03	5.060962e-04	1.092058e-03
4.732962500074712e-03	1.407608e+01	-4.948484e-03	5.080124e-04	1.092055e-03
4.737845312574712e-03	1.407608e+01	-4.962409e-03	5.093977e-04	1.092053e-03
4.742728125074712e-03	1.407608e+01	-4.971669e-03	5.103576e-04	1.092052e-03
4.747610937574712e-03	1.407608e+01	-4.976247e-03	5.107844e-04	1.092052e-03
4.752493750074712e-03	1.407608e+01	-4.976147e-03	5.107844e-04	1.092052e-03
4.757376562574711e-03	1.407608e+01	-4.971362e-03	5.102511e-04	1.092052e-03
4.762259375074711e-03	1.407608e+01	-4.961903e-03	5.092913e-04	1.092054e-03
4.767142187574711e-03	1.407608e+01	-4.947772e-03	5.077996e-04	1.092056e-03
4.772025000074711e-03	1.407608e+01	-4.928989e-03	5.058838e-04	1.092058e-03
4.776907812574711e-03	1.407607e+01	-4.905566e-03	5.034392e-04	1.092061e-03
4.781790625074711e-03	1.407607e+01	-4.877531e-03	5.005747e-04	1.092065e-03
4.786673437574711e-03	1.407607e+01	-4.844903e-03	4.971864e-04	1.092069e-03
4.791556250074711e-03	1.407606e+01	-4.807720e-03	4.933841e-04	1.092074e-03
4.796439062574711e-03	1.407606e+01	-4.766011e-03	4.890647e-04	1.092080e-03
4.801321875074710e-03	1.407605e+01	-4.719821e-03	4.843390e-04	1.092086e-03
4.806204687574710e-03	1.407605e+01	-4.669187e-03	4.791047e-04	1.092092e-03
4.811087500074710e-03	1.407604e+01	-4.614163e-03	4.734734e-04	1.092099e-03
4.815970312574710e-03	1.407604e+01	-4.554795e-03	4.673438e-04	1.092107e-03
4.820853125074710e-03	1.407603e+01	-4.491145e-03	4.608282e-04	1.092116e-03
4.825735937574710e-03	1.407602e+01	-4.423267e-03	4.538263e-04	1.092125e-03
4.830618750074710e-03	1.407602e+01	-4.351230e-03	4.464512e-04	1.092134e-03
4.835501562574710e-03	1.407601e+01	-4.275096e-03	4.386033e-04	1.092144e-03
4.840384375074710e-03	1.407600e+01	-4.194944e-03	4.303964e-04	1.092155e-03
4.845267187574710e-03	1.407599e+01	-4.110842e-03	4.217318e-04	1.092166e-03
4.850150000074709e-03	1.407598e+01	-4.022875e-03	4.127242e-04	1.092177e-03
4.855032812574709e-03	1.407597e+01	-3.931121e-03	4.032756e-04	1.092189e-03
4.859915625074709e-03	1.407596e+01	-3.835672e-03	3.935012e-04	1.092202e-03
4.864798437574709e-03	1.407595e+01	-3.736611e-03	3.833039e-04	1.092215e-03
4.869681250074709e-03	1.407594e+01	-3.634038e-03	3.727998e-04	1.092228e-03
4.874564062574709e-03	1.407593e+01	-3.528043e-03	3.618921e-04	1.092242e-03
4.879446875074709e-03	1.407592e+01	-3.418732e-03	3.506978e-04	1.092257e-03
4.884329687574709e-03	1.407591e+01	-3.306202e-03	3.391207e-04	1.092272e-03
4.889212500074709e-03	1.407590e+01	-3.190566e-03	3.272785e-04	1.092287e-03
4.894095312574709e-03	1.407589e+01	-3.071924e-03	3.150755e-04	1.092302e-03
4.898978125074708e-03	1.407587e+01	-2.950397e-03	3.026300e-04	1.092318e-03
4.903860937574708e-03	1.407586e+01	-2.826091e-03	2.898470e-04	1.092335e-03
4.908743750074708e-03	1.407585e+01	-2.699130e-03	2.768452e-04	1.092352e-03
4.913626562574708e-03	1.407583e+01	-2.569626e-03	2.635301e-04	1.092369e-03
4.918509375074708e-03	1.407582e+01	-2.437710e-03	2.500210e-04	1.092386e-03
4.923392187574708e-03	1.407581e+01	-2.303497e-03	2.362239e-04	1.092404e-03
4.928275000074708e-03	1.407579e+01	-2.167121e-03	2.222585e-04	1.092421e-03
4.933157812574708e-03	1.407578e+01	-2.028704e-03	2.080313e-04	1.092440e-03
4.938040625074708e-03	1.407576e+01	-1.888382e-03	1.936622e-04	1.092458e-03
4.942923437574707e-03	1.407575e+01	-1.746281e-03	1.790582e-04	1.092477e-03
4.947806250074707e-03	1.407574e+01	-1.602542e-03	1.643397e-04	1.092496e-03
4.952689062574707e-03	1.407572e+01	-1.457292e-03	1.494139e-04	1.092515e-03
4.957571875074707e-03	1.407570e+01	-1.310676e-03	1.344014e-04	1.092534e-03
4.962454687574707e-03	1.407569e+01	-1.162825e-03	1.192098e-04	1.092554e-03
4.967337500074707e-03	1.407567e+01	-1.013884e-03	1.039601e-04	1.092573e-03
4.972220312574707e-03	1.407566e+01	-8.639870e-04	8.855973e-05	1.092593e-03
4.977103125074707e-03	1.407564e+01	-7.132819e-04	7.313006e-05	1.092613e-03
4.981985937574707e-03	1.407563e+01	-5.619035e-04	5.757894e-05	1.092633e-03
4.986868750074707e-03	1.407561e+01	-4.100014e-04	4.202761e-05	1.092652e-03
4.991751562574706e-03	1.407560e+01	-2.577114e-04	2.638411e-05	1.092673e-03
4.996634375074706e-03	1.407558e+01	-1.051840e-04	1.076978e-05	1.092693e-03
5.000000000000000e-03	1.407557e+01	1.850212e-08	-4.429352e-08	1.092706e-03
