time	V(vds)	V(vgs)	V(vo)	Id(M1)
0.000000000000000e+00	1.154210e+01	0.000000e+00	5.424785e-12	9.686006e-04
4.882812557061023e-11	1.154210e+01	6.611423e-10	-4.749828e-07	9.686005e-04
9.765625114122045e-11	1.154210e+01	2.973441e-09	-4.979237e-07	9.686006e-04
1.953125022824409e-10	1.154210e+01	6.136372e-09	-4.958720e-07	9.686006e-04
3.906250045648818e-10	1.154210e+01	1.196616e-08	-6.801869e-07	9.686005e-04
7.812500091297636e-10	1.154210e+01	2.503894e-08	2.681279e-07	9.686006e-04
8.789062602709841e-10	1.154210e+01	2.624440e-08	-1.088418e-06	9.686005e-04
1.074218762553425e-09	1.154210e+01	3.505454e-08	-7.355419e-07	9.686006e-04
1.464843767118307e-09	1.154210e+01	4.468700e-08	1.783783e-07	9.686006e-04
2.246093776248070e-09	1.154210e+01	7.117799e-08	-1.913212e-07	9.686006e-04
3.808593794507598e-09	1.154210e+01	1.180810e-07	1.634966e-07	9.686006e-04
6.933593831026652e-09	1.154210e+01	2.176438e-07	-2.075127e-07	9.686006e-04
1.318359390406476e-08	1.154210e+01	4.111671e-07	-3.787303e-08	9.686006e-04
2.568359405014098e-08	1.154210e+01	8.037533e-07	-2.564553e-07	9.686007e-04
5.068359434229341e-08	1.154210e+01	1.583405e-06	-4.358183e-07	9.686007e-04
1.006835949265983e-07	1.154210e+01	3.148224e-06	-9.705216e-07	9.686009e-04
2.006835960952080e-07	1.154209e+01	6.272347e-06	-1.796354e-06	9.686013e-04
4.006835984324275e-07	1.154209e+01	1.252609e-05	-3.730594e-06	9.686020e-04
8.006836031068665e-07	1.154209e+01	2.502800e-05	-7.316703e-06	9.686034e-04
1.600683612455744e-06	1.154208e+01	5.003674e-05	-1.476179e-05	9.686062e-04
3.200683631153500e-06	1.154207e+01	1.000442e-04	-2.938232e-05	9.686117e-04
6.400683668549012e-06	1.154204e+01	2.000286e-04	-5.887887e-05	9.686229e-04
1.128349616854901e-05	1.154199e+01	3.524174e-04	-1.036111e-04	9.686400e-04
1.616630866854901e-05	1.154195e+01	5.044765e-04	-1.484224e-04	9.686570e-04
2.104912116854901e-05	1.154190e+01	6.560556e-04	-1.929143e-04	9.686739e-04
2.593193366854902e-05	1.154186e+01	8.070194e-04	-2.374012e-04	9.686908e-04
3.081474616854901e-05	1.154181e+01	9.572183e-04	-2.814851e-04	9.687076e-04
3.569755866854901e-05	1.154177e+01	1.106518e-03	-3.254804e-04	9.687243e-04
4.058037116854901e-05	1.154173e+01	1.254772e-03	-3.689898e-04	9.687408e-04
4.546318366854901e-05	1.154168e+01	1.401847e-03	-4.123283e-04	9.687573e-04
5.034599616854900e-05	1.154164e+01	1.547597e-03	-4.550992e-04	9.687736e-04
5.522880866854900e-05	1.154160e+01	1.691892e-03	-4.976182e-04	9.687897e-04
6.011162116854900e-05	1.154156e+01	1.834590e-03	-5.394891e-04	9.688056e-04
6.499443366854900e-05	1.154152e+01	1.975564e-03	-5.810289e-04	9.688214e-04
6.987724616854900e-05	1.154147e+01	2.114672e-03	-6.218422e-04	9.688369e-04
7.476005866854901e-05	1.154143e+01	2.251793e-03	-6.622467e-04	9.688523e-04
7.964287116854901e-05	1.154139e+01	2.386789e-03	-7.018482e-04	9.688674e-04
8.452568366854901e-05	1.154136e+01	2.519541e-03	-7.409657e-04	9.688822e-04
8.940849616854902e-05	1.154132e+01	2.649916e-03	-7.792062e-04	9.688968e-04
9.429130866854902e-05	1.154128e+01	2.777800e-03	-8.168898e-04	9.689111e-04
9.917412116854903e-05	1.154124e+01	2.903063e-03	-8.536248e-04	9.689251e-04
1.040569336685490e-04	1.154121e+01	3.025597e-03	-8.897330e-04	9.689388e-04
1.089397461685490e-04	1.154117e+01	3.145278e-03	-9.248243e-04	9.689521e-04
1.138225586685490e-04	1.154114e+01	3.262000e-03	-9.592216e-04	9.689652e-04
1.187053711685490e-04	1.154110e+01	3.375648e-03	-9.925363e-04	9.689779e-04
1.235881836685490e-04	1.154107e+01	3.486120e-03	-1.025094e-03	9.689903e-04
1.284709961685490e-04	1.154104e+01	3.593306e-03	-1.056506e-03	9.690022e-04
1.333538086685490e-04	1.154101e+01	3.697112e-03	-1.087101e-03	9.690138e-04
1.382366211685490e-04	1.154098e+01	3.797434e-03	-1.116493e-03	9.690250e-04
1.431194336685491e-04	1.154095e+01	3.894183e-03	-1.145011e-03	9.690358e-04
1.480022461685491e-04	1.154092e+01	3.987262e-03	-1.172272e-03	9.690462e-04
1.528850586685491e-04	1.154090e+01	4.076591e-03	-1.198606e-03	9.690562e-04
1.577678711685491e-04	1.154087e+01	4.162078e-03	-1.223632e-03	9.690658e-04
1.626506836685491e-04	1.154085e+01	4.243650e-03	-1.247682e-03	9.690749e-04
1.675334961685491e-04	1.154082e+01	4.321222e-03	-1.270379e-03	9.690835e-04
1.724163086685491e-04	1.154080e+01	4.394729e-03	-1.292057e-03	9.690918e-04
1.772991211685491e-04	1.154078e+01	4.464095e-03	-1.312339e-03	9.690995e-04
1.821819336685491e-04	1.154076e+01	4.529262e-03	-1.331563e-03	9.691068e-04
1.870647461685491e-04	1.154075e+01	4.590160e-03	-1.349354e-03	9.691135e-04
1.919475586685491e-04	1.154073e+01	4.646741e-03	-1.366051e-03	9.691199e-04
1.968303711685491e-04	1.154071e+01	4.698943e-03	-1.381283e-03	9.691257e-04
2.017131836685491e-04	1.154070e+01	4.746725e-03	-1.395391e-03	9.691311e-04
2.065959961685491e-04	1.154069e+01	4.790034e-03	-1.408007e-03	9.691358e-04
2.114788086685491e-04	1.154068e+01	4.828836e-03	-1.419474e-03	9.691402e-04
2.163616211685491e-04	1.154067e+01	4.863089e-03	-1.429425e-03	9.691440e-04
2.212444336685491e-04	1.154066e+01	4.892767e-03	-1.438208e-03	9.691474e-04
2.261272461685491e-04	1.154065e+01	4.917835e-03	-1.445457e-03	9.691501e-04
2.310100586685491e-04	1.154064e+01	4.938276e-03	-1.451522e-03	9.691524e-04
2.358928711685491e-04	1.154064e+01	4.954065e-03	-1.456042e-03	9.691542e-04
2.407756836685491e-04	1.154064e+01	4.965193e-03	-1.459368e-03	9.691554e-04
2.456584961685491e-04	1.154063e+01	4.971643e-03	-1.461140e-03	9.691561e-04
2.505413086685491e-04	1.154063e+01	4.973415e-03	-1.461714e-03	9.691563e-04
2.554241211685491e-04	1.154064e+01	4.970502e-03	-1.460733e-03	9.691559e-04
2.603069336685491e-04	1.154064e+01	4.962912e-03	-1.458553e-03	9.691551e-04
2.651897461685491e-04	1.154064e+01	4.950646e-03	-1.454821e-03	9.691537e-04
2.700725586685491e-04	1.154065e+01	4.933724e-03	-1.449896e-03	9.691518e-04
2.749553711685491e-04	1.154065e+01	4.912152e-03	-1.443427e-03	9.691494e-04
2.798381836685491e-04	1.154066e+01	4.885959e-03	-1.435776e-03	9.691465e-04
2.847209961685492e-04	1.154067e+01	4.855163e-03	-1.426595e-03	9.691430e-04
2.896038086685492e-04	1.154068e+01	4.819799e-03	-1.416247e-03	9.691390e-04
2.944866211685492e-04	1.154069e+01	4.779894e-03	-1.404386e-03	9.691346e-04
2.993694336685492e-04	1.154070e+01	4.735492e-03	-1.391380e-03	9.691296e-04
3.042522461685492e-04	1.154072e+01	4.686628e-03	-1.376885e-03	9.691241e-04
3.091350586685492e-04	1.154073e+01	4.633355e-03	-1.361271e-03	9.691182e-04
3.140178711685492e-04	1.154075e+01	4.575716e-03	-1.344196e-03	9.691117e-04
3.189006836685492e-04	1.154077e+01	4.513773e-03	-1.326032e-03	9.691048e-04
3.237834961685492e-04	1.154079e+01	4.447577e-03	-1.306441e-03	9.690974e-04
3.286663086685492e-04	1.154081e+01	4.377196e-03	-1.285796e-03	9.690895e-04
3.335491211685492e-04	1.154083e+01	4.302691e-03	-1.263762e-03	9.690811e-04
3.384319336685492e-04	1.154085e+01	4.224138e-03	-1.240715e-03	9.690724e-04
3.433147461685492e-04	1.154088e+01	4.141605e-03	-1.216320e-03	9.690631e-04
3.481975586685492e-04	1.154090e+01	4.055175e-03	-1.190958e-03	9.690535e-04
3.530803711685492e-04	1.154093e+01	3.964924e-03	-1.164294e-03	9.690434e-04
3.579631836685492e-04	1.154096e+01	3.870943e-03	-1.136712e-03	9.690329e-04
3.628459961685492e-04	1.154099e+01	3.773313e-03	-1.107880e-03	9.690219e-04
3.677288086685492e-04	1.154102e+01	3.672135e-03	-1.078182e-03	9.690106e-04
3.726116211685492e-04	1.154105e+01	3.567495e-03	-1.047289e-03	9.689989e-04
3.774944336685492e-04	1.154108e+01	3.459500e-03	-1.015587e-03	9.689868e-04
3.823772461685492e-04	1.154111e+01	3.348243e-03	-9.827502e-04	9.689744e-04
3.872600586685492e-04	1.154115e+01	3.233837e-03	-9.491646e-04	9.689616e-04
3.921428711685492e-04	1.154118e+01	3.116383e-03	-9.145059e-04	9.689484e-04
3.970256836685493e-04	1.154122e+01	2.995997e-03	-8.791632e-04	9.689350e-04
4.019084961685493e-04	1.154125e+01	2.872787e-03	-8.428133e-04	9.689212e-04
4.067913086685493e-04	1.154129e+01	2.746875e-03	-8.058466e-04	9.689071e-04
4.116741211685493e-04	1.154133e+01	2.618372e-03	-7.679419e-04	9.688927e-04
4.165569336685493e-04	1.154137e+01	2.487407e-03	-7.294910e-04	9.688781e-04
4.214397461685493e-04	1.154140e+01	2.354096e-03	-6.901739e-04	9.688631e-04
4.263225586685493e-04	1.154144e+01	2.218571e-03	-6.503835e-04	9.688481e-04
4.312053711685493e-04	1.154148e+01	2.080953e-03	-6.098016e-04	9.688326e-04
4.360881836685493e-04	1.154153e+01	1.941379e-03	-5.688220e-04	9.688170e-04
4.409709961685493e-04	1.154157e+01	1.799972e-03	-5.271276e-04	9.688012e-04
4.458538086685493e-04	1.154161e+01	1.656873e-03	-4.851134e-04	9.687853e-04
4.507366211685493e-04	1.154165e+01	1.512210e-03	-4.424632e-04	9.687690e-04
4.556194336685493e-04	1.154170e+01	1.366125e-03	-3.995729e-04	9.687527e-04
4.605022461685493e-04	1.154174e+01	1.218750e-03	-3.561271e-04	9.687362e-04
4.653850586685493e-04	1.154178e+01	1.070229e-03	-3.125224e-04	9.687197e-04
4.702678711685493e-04	1.154183e+01	9.206962e-04	-2.684440e-04	9.687029e-04
4.751506836685493e-04	1.154187e+01	7.702988e-04	-2.242893e-04	9.686861e-04
4.800334961685493e-04	1.154191e+01	6.191711e-04	-1.797441e-04	9.686692e-04
4.849163086685493e-04	1.154196e+01	4.674628e-04	-1.352060e-04	9.686523e-04
4.897991211685493e-04	1.154200e+01	3.153092e-04	-9.036118e-05	9.686352e-04
4.946819336685493e-04	1.154205e+01	1.628611e-04	-4.560767e-05	9.686182e-04
4.995647461685493e-04	1.154209e+01	1.025434e-05	-6.315911e-07	9.686011e-04
5.044475586685493e-04	1.154214e+01	-1.423599e-04	4.416855e-05	9.685840e-04
5.093303711685494e-04	1.154218e+01	-2.948455e-04	8.910668e-05	9.685670e-04
5.142131836685494e-04	1.154223e+01	-4.470514e-04	1.337846e-04	9.685500e-04
5.190959961685494e-04	1.154227e+01	-5.988419e-04	1.785163e-04	9.685330e-04
5.239788086685494e-04	1.154232e+01	-7.500666e-04	2.229035e-04	9.685161e-04
5.288616211685494e-04	1.154236e+01	-9.005906e-04	2.672605e-04	9.684992e-04
5.337444336685494e-04	1.154241e+01	-1.050265e-03	3.111894e-04	9.684826e-04
5.386272461685494e-04	1.154245e+01	-1.198956e-03	3.550051e-04	9.684659e-04
5.435100586685494e-04	1.154249e+01	-1.346517e-03	3.983102e-04	9.684495e-04
5.483928711685494e-04	1.154254e+01	-1.492815e-03	4.414201e-04	9.684330e-04
5.532756836685494e-04	1.154258e+01	-1.637707e-03	4.839381e-04	9.684169e-04
5.581584961685494e-04	1.154262e+01	-1.781062e-03	5.261802e-04	9.684008e-04
5.630413086685494e-04	1.154266e+01	-1.922739e-03	5.677507e-04	9.683850e-04
5.679241211685494e-04	1.154270e+01	-2.062612e-03	6.089664e-04	9.683694e-04
5.728069336685494e-04	1.154274e+01	-2.200541e-03	6.494325e-04	9.683540e-04
5.776897461685494e-04	1.154278e+01	-2.336405e-03	6.894669e-04	9.683387e-04
5.825725586685494e-04	1.154282e+01	-2.470067e-03	7.286761e-04	9.683238e-04
5.874553711685494e-04	1.154286e+01	-2.601410e-03	7.673791e-04	9.683091e-04
5.923381836685494e-04	1.154290e+01	-2.730302e-03	8.051833e-04	9.682947e-04
5.972209961685494e-04	1.154294e+01	-2.856630e-03	8.424093e-04	9.682806e-04
6.021038086685494e-04	1.154297e+01	-2.980268e-03	8.786661e-04	9.682668e-04
6.069866211685494e-04	1.154301e+01	-3.101106e-03	9.142754e-04	9.682533e-04
6.118694336685494e-04	1.154304e+01	-3.219023e-03	9.488479e-04	9.682401e-04
6.167522461685494e-04	1.154308e+01	-3.333915e-03	9.827068e-04	9.682273e-04
6.216350586685495e-04	1.154311e+01	-3.445668e-03	1.015465e-03	9.682148e-04
6.265178711685495e-04	1.154314e+01	-3.554183e-03	1.047446e-03	9.682027e-04
6.314006836685495e-04	1.154317e+01	-3.659351e-03	1.078265e-03	9.681910e-04
6.362834961685495e-04	1.154320e+01	-3.761080e-03	1.108249e-03	9.681795e-04
6.411663086685495e-04	1.154323e+01	-3.859267e-03	1.137014e-03	9.681686e-04
6.460491211685495e-04	1.154326e+01	-3.953827e-03	1.164888e-03	9.681580e-04
6.509319336685495e-04	1.154329e+01	-4.044664e-03	1.191489e-03	9.681479e-04
6.558147461685495e-04	1.154331e+01	-4.131699e-03	1.217148e-03	9.681381e-04
6.606975586685495e-04	1.154334e+01	-4.214844e-03	1.241486e-03	9.681289e-04
6.655803711685495e-04	1.154336e+01	-4.294028e-03	1.264834e-03	9.681200e-04
6.704631836685495e-04	1.154338e+01	-4.369167e-03	1.286816e-03	9.681116e-04
6.753459961685495e-04	1.154340e+01	-4.440200e-03	1.307766e-03	9.681036e-04
6.802288086685495e-04	1.154342e+01	-4.507052e-03	1.327308e-03	9.680963e-04
6.851116211685495e-04	1.154344e+01	-4.569667e-03	1.345782e-03	9.680892e-04
6.899944336685495e-04	1.154346e+01	-4.627979e-03	1.362812e-03	9.680827e-04
6.948772461685495e-04	1.154347e+01	-4.681941e-03	1.378739e-03	9.680767e-04
6.997600586685495e-04	1.154349e+01	-4.731494e-03	1.393192e-03	9.680712e-04
7.046428711685495e-04	1.154350e+01	-4.776599e-03	1.406513e-03	9.680661e-04
7.095256836685495e-04	1.154351e+01	-4.817207e-03	1.418334e-03	9.680616e-04
7.144084961685495e-04	1.154352e+01	-4.853286e-03	1.429000e-03	9.680575e-04
7.192913086685495e-04	1.154353e+01	-4.884795e-03	1.438144e-03	9.680541e-04
7.241741211685495e-04	1.154354e+01	-4.911712e-03	1.446115e-03	9.680510e-04
7.290569336685495e-04	1.154355e+01	-4.934005e-03	1.452547e-03	9.680486e-04
7.339397461685495e-04	1.154355e+01	-4.951659e-03	1.457793e-03	9.680466e-04
7.388225586685496e-04	1.154356e+01	-4.964650e-03	1.461490e-03	9.680452e-04
7.437053711685496e-04	1.154356e+01	-4.972974e-03	1.463991e-03	9.680442e-04
7.485881836685496e-04	1.154356e+01	-4.976616e-03	1.464937e-03	9.680439e-04
7.534709961685496e-04	1.154356e+01	-4.975579e-03	1.464685e-03	9.680440e-04
7.583538086685496e-04	1.154356e+01	-4.969857e-03	1.462877e-03	9.680446e-04
7.632366211685496e-04	1.154356e+01	-4.959463e-03	1.459872e-03	9.680458e-04
7.681194336685496e-04	1.154355e+01	-4.944399e-03	1.455317e-03	9.680475e-04
7.730022461685496e-04	1.154354e+01	-4.924687e-03	1.449572e-03	9.680497e-04
7.778850586685496e-04	1.154354e+01	-4.900337e-03	1.442286e-03	9.680524e-04
7.827678711685496e-04	1.154353e+01	-4.871381e-03	1.433822e-03	9.680557e-04
7.876506836685496e-04	1.154352e+01	-4.837838e-03	1.423832e-03	9.680595e-04
7.925334961685496e-04	1.154351e+01	-4.799748e-03	1.412681e-03	9.680637e-04
7.974163086685496e-04	1.154350e+01	-4.757138e-03	1.400025e-03	9.680685e-04
8.022991211685496e-04	1.154348e+01	-4.710055e-03	1.386230e-03	9.680737e-04
8.071819336685496e-04	1.154347e+01	-4.658538e-03	1.370955e-03	9.680795e-04
8.120647461685496e-04	1.154345e+01	-4.602642e-03	1.354568e-03	9.680858e-04
8.169475586685496e-04	1.154343e+01	-4.542411e-03	1.336731e-03	9.680925e-04
8.218303711685496e-04	1.154341e+01	-4.477911e-03	1.317814e-03	9.680997e-04
8.267131836685496e-04	1.154339e+01	-4.409194e-03	1.297481e-03	9.681074e-04
8.315959961685496e-04	1.154337e+01	-4.336332e-03	1.276107e-03	9.681156e-04
8.364788086685496e-04	1.154335e+01	-4.259388e-03	1.253355e-03	9.681242e-04
8.413616211685496e-04	1.154333e+01	-4.178440e-03	1.229603e-03	9.681332e-04
8.462444336685496e-04	1.154330e+01	-4.093557e-03	1.204517e-03	9.681428e-04
8.511272461685497e-04	1.154327e+01	-4.004826e-03	1.178477e-03	9.681527e-04
8.560100586685497e-04	1.154325e+01	-3.912325e-03	1.151152e-03	9.681631e-04
8.608928711685497e-04	1.154322e+01	-3.816146e-03	1.122922e-03	9.681738e-04
8.657756836685497e-04	1.154319e+01	-3.716374e-03	1.093460e-03	9.681850e-04
8.706584961685497e-04	1.154316e+01	-3.613109e-03	1.063147e-03	9.681965e-04
8.755413086685497e-04	1.154313e+01	-3.506441e-03	1.031658e-03	9.682085e-04
8.804241211685497e-04	1.154310e+01	-3.396479e-03	9.993777e-04	9.682207e-04
8.853069336685497e-04	1.154306e+01	-3.283318e-03	9.659801e-04	9.682334e-04
8.901897461685497e-04	1.154303e+01	-3.167072e-03	9.318528e-04	9.682464e-04
8.950725586685497e-04	1.154299e+01	-3.047843e-03	8.966722e-04	9.682598e-04
8.999553711685497e-04	1.154296e+01	-2.925751e-03	8.608272e-04	9.682734e-04
9.048381836685497e-04	1.154292e+01	-2.800903e-03	8.239956e-04	9.682873e-04
9.097209961685497e-04	1.154288e+01	-2.673425e-03	7.865679e-04	9.683016e-04
9.146038086685497e-04	1.154284e+01	-2.543428e-03	7.482236e-04	9.683162e-04
9.194866211685497e-04	1.154281e+01	-2.411042e-03	7.093546e-04	9.683309e-04
9.243694336685497e-04	1.154277e+01	-2.276386e-03	6.696417e-04	9.683460e-04
9.292522461685497e-04	1.154273e+01	-2.139592e-03	6.294780e-04	9.683613e-04
9.341350586685497e-04	1.154268e+01	-2.000782e-03	5.885455e-04	9.683769e-04
9.390178711685497e-04	1.154264e+01	-1.860094e-03	5.472386e-04	9.683926e-04
9.439006836685497e-04	1.154260e+01	-1.717654e-03	5.052403e-04	9.684085e-04
9.487834961685497e-04	1.154256e+01	-1.573602e-03	4.629459e-04	9.684246e-04
9.536663086685497e-04	1.154252e+01	-1.428068e-03	4.200397e-04	9.684409e-04
9.585491211685497e-04	1.154247e+01	-1.281194e-03	3.769174e-04	9.684573e-04
9.634319336685498e-04	1.154243e+01	-1.133113e-03	3.332640e-04	9.684739e-04
9.683147461685498e-04	1.154239e+01	-9.839699e-04	2.894767e-04	9.684906e-04
9.731975586685498e-04	1.154234e+01	-8.338991e-04	2.452403e-04	9.685074e-04
9.780803711685498e-04	1.154230e+01	-6.830486e-04	2.009528e-04	9.685242e-04
9.829631836685497e-04	1.154225e+01	-5.315532e-04	1.562997e-04	9.685411e-04
9.878459961685496e-04	1.154221e+01	-3.795628e-04	1.116790e-04	9.685581e-04
9.927288086685495e-04	1.154216e+01	-2.272130e-04	6.677697e-05	9.685752e-04
9.976116211685494e-04	1.154212e+01	-7.465462e-05	2.199149e-05	9.685922e-04
1.002494433668549e-03	1.154207e+01	7.797611e-05	-2.299100e-05	9.686093e-04
1.007377246168549e-03	1.154203e+01	2.305282e-04	-6.777229e-05	9.686264e-04
1.012260058668549e-03	1.154198e+01	3.828654e-04	-1.126662e-04	9.686434e-04
1.017142871168549e-03	1.154194e+01	5.348371e-04	-1.572746e-04	9.686603e-04
1.022025683668549e-03	1.154189e+01	6.863074e-04	-2.019113e-04	9.686773e-04
1.026908496168549e-03	1.154185e+01	8.371266e-04	-2.461785e-04	9.686942e-04
1.031791308668549e-03	1.154181e+01	9.871600e-04	-2.903904e-04	9.687109e-04
1.036674121168549e-03	1.154176e+01	1.136259e-03	-3.341494e-04	9.687276e-04
1.041556933668548e-03	1.154172e+01	1.284291e-03	-3.777704e-04	9.687442e-04
1.046439746168548e-03	1.154168e+01	1.431109e-03	-4.208561e-04	9.687605e-04
1.051322558668548e-03	1.154163e+01	1.576582e-03	-4.637223e-04	9.687768e-04
1.056205371168548e-03	1.154159e+01	1.720566e-03	-5.059724e-04	9.687929e-04
1.061088183668548e-03	1.154155e+01	1.862932e-03	-5.479227e-04	9.688088e-04
1.065970996168548e-03	1.154151e+01	2.003541e-03	-5.891779e-04	9.688245e-04
1.070853808668548e-03	1.154147e+01	2.142265e-03	-6.300549e-04	9.688401e-04
1.075736621168548e-03	1.154143e+01	2.278968e-03	-6.701594e-04	9.688553e-04
1.080619433668548e-03	1.154139e+01	2.413528e-03	-7.098094e-04	9.688704e-04
1.085502246168547e-03	1.154135e+01	2.545812e-03	-7.486121e-04	9.688851e-04
1.090385058668547e-03	1.154131e+01	2.675701e-03	-7.868864e-04	9.688997e-04
1.095267871168547e-03	1.154127e+01	2.803067e-03	-8.242407e-04	9.689139e-04
1.100150683668547e-03	1.154123e+01	2.927798e-03	-8.609956e-04	9.689279e-04
1.105033496168547e-03	1.154120e+01	3.049767e-03	-8.967607e-04	9.689415e-04
1.109916308668547e-03	1.154116e+01	3.168868e-03	-9.318581e-04	9.689548e-04
1.114799121168547e-03	1.154113e+01	3.284981e-03	-9.658991e-04	9.689677e-04
1.119681933668547e-03	1.154110e+01	3.398005e-03	-9.992073e-04	9.689804e-04
1.124564746168547e-03	1.154106e+01	3.507825e-03	-1.031396e-03	9.689927e-04
1.129447558668547e-03	1.154103e+01	3.614346e-03	-1.062789e-03	9.690046e-04
1.134330371168546e-03	1.154100e+01	3.717460e-03	-1.093004e-03	9.690161e-04
1.139213183668546e-03	1.154097e+01	3.817078e-03	-1.122366e-03	9.690272e-04
1.144095996168546e-03	1.154095e+01	3.913098e-03	-1.150492e-03	9.690379e-04
1.148978808668546e-03	1.154092e+01	4.005436e-03	-1.177711e-03	9.690483e-04
1.153861621168546e-03	1.154089e+01	4.094000e-03	-1.203643e-03	9.690581e-04
1.158744433668546e-03	1.154087e+01	4.178713e-03	-1.228618e-03	9.690676e-04
1.163627246168546e-03	1.154084e+01	4.259488e-03	-1.252258e-03	9.690766e-04
1.168510058668546e-03	1.154082e+01	4.336256e-03	-1.274895e-03	9.690853e-04
1.173392871168546e-03	1.154080e+01	4.408937e-03	-1.296153e-03	9.690933e-04
1.178275683668545e-03	1.154078e+01	4.477472e-03	-1.316367e-03	9.691010e-04
1.183158496168545e-03	1.154076e+01	4.541786e-03	-1.335163e-03	9.691081e-04
1.188041308668545e-03	1.154074e+01	4.601829e-03	-1.352879e-03	9.691149e-04
1.192924121168545e-03	1.154073e+01	4.657535e-03	-1.369142e-03	9.691211e-04
1.197806933668545e-03	1.154071e+01	4.708860e-03	-1.384293e-03	9.691268e-04
1.202689746168545e-03	1.154070e+01	4.755748e-03	-1.397961e-03	9.691321e-04
1.207572558668545e-03	1.154068e+01	4.798161e-03	-1.410490e-03	9.691368e-04
1.212455371168545e-03	1.154067e+01	4.836054e-03	-1.421512e-03	9.691410e-04
1.217338183668545e-03	1.154066e+01	4.869397e-03	-1.431373e-03	9.691447e-04
1.222220996168545e-03	1.154066e+01	4.898152e-03	-1.439707e-03	9.691479e-04
1.227103808668544e-03	1.154065e+01	4.922299e-03	-1.446863e-03	9.691506e-04
1.231986621168544e-03	1.154064e+01	4.941809e-03	-1.452477e-03	9.691528e-04
1.236869433668544e-03	1.154064e+01	4.956669e-03	-1.456900e-03	9.691545e-04
1.241752246168544e-03	1.154064e+01	4.966859e-03	-1.459773e-03	9.691556e-04
1.246635058668544e-03	1.154063e+01	4.972376e-03	-1.461449e-03	9.691562e-04
1.251517871168544e-03	1.154063e+01	4.973209e-03	-1.461569e-03	9.691563e-04
1.256400683668544e-03	1.154064e+01	4.969363e-03	-1.460491e-03	9.691559e-04
1.261283496168544e-03	1.154064e+01	4.960835e-03	-1.457858e-03	9.691549e-04
1.266166308668544e-03	1.154064e+01	4.947639e-03	-1.454029e-03	9.691534e-04
1.271049121168544e-03	1.154065e+01	4.929782e-03	-1.448653e-03	9.691514e-04
1.275931933668543e-03	1.154065e+01	4.907288e-03	-1.442089e-03	9.691489e-04
1.280814746168543e-03	1.154066e+01	4.880169e-03	-1.433989e-03	9.691458e-04
1.285697558668543e-03	1.154067e+01	4.848460e-03	-1.424716e-03	9.691423e-04
1.290580371168543e-03	1.154068e+01	4.812182e-03	-1.413922e-03	9.691382e-04
1.295463183668543e-03	1.154069e+01	4.771377e-03	-1.401974e-03	9.691336e-04
1.300345996168543e-03	1.154071e+01	4.726076e-03	-1.388527e-03	9.691286e-04
1.305228808668543e-03	1.154072e+01	4.676330e-03	-1.373949e-03	9.691230e-04
1.310111621168543e-03	1.154074e+01	4.622177e-03	-1.357899e-03	9.691169e-04
1.314994433668543e-03	1.154075e+01	4.563676e-03	-1.340747e-03	9.691104e-04
1.319877246168542e-03	1.154077e+01	4.500874e-03	-1.322154e-03	9.691033e-04
1.324760058668542e-03	1.154079e+01	4.433839e-03	-1.302493e-03	9.690959e-04
1.329642871168542e-03	1.154081e+01	4.362625e-03	-1.281427e-03	9.690879e-04
1.334525683668542e-03	1.154084e+01	4.287307e-03	-1.259331e-03	9.690794e-04
1.339408496168542e-03	1.154086e+01	4.207949e-03	-1.235870e-03	9.690705e-04
1.344291308668542e-03	1.154088e+01	4.124633e-03	-1.211422e-03	9.690613e-04
1.349174121168542e-03	1.154091e+01	4.037430e-03	-1.185655e-03	9.690514e-04
1.354056933668542e-03	1.154094e+01	3.946428e-03	-1.158949e-03	9.690413e-04
1.358939746168542e-03	1.154096e+01	3.851708e-03	-1.130972e-03	9.690307e-04
1.363822558668542e-03	1.154099e+01	3.753364e-03	-1.102107e-03	9.690197e-04
1.368705371168541e-03	1.154102e+01	3.651483e-03	-1.072025e-03	9.690083e-04
1.373588183668541e-03	1.154105e+01	3.546166e-03	-1.041110e-03	9.689966e-04
1.378470996168541e-03	1.154109e+01	3.437508e-03	-1.009037e-03	9.689843e-04
1.383353808668541e-03	1.154112e+01	3.325616e-03	-9.761897e-04	9.689719e-04
1.388236621168541e-03	1.154115e+01	3.210589e-03	-9.422446e-04	9.689589e-04
1.393119433668541e-03	1.154119e+01	3.092542e-03	-9.075889e-04	9.689458e-04
1.398002246168541e-03	1.154122e+01	2.971579e-03	-8.718995e-04	9.689322e-04
1.402885058668541e-03	1.154126e+01	2.847822e-03	-8.355660e-04	9.689184e-04
1.407767871168541e-03	1.154130e+01	2.721379e-03	-7.982665e-04	9.689042e-04
1.412650683668541e-03	1.154134e+01	2.592377e-03	-7.603921e-04	9.688899e-04
1.417533496168540e-03	1.154137e+01	2.460930e-03	-7.216225e-04	9.688751e-04
1.422416308668540e-03	1.154141e+01	2.327169e-03	-6.823502e-04	9.688602e-04
1.427299121168540e-03	1.154145e+01	2.191213e-03	-6.422562e-04	9.688450e-04
1.432181933668540e-03	1.154149e+01	2.053196e-03	-6.017339e-04	9.688296e-04
1.437064746168540e-03	1.154153e+01	1.913242e-03	-5.604660e-04	9.688139e-04
1.441947558668540e-03	1.154158e+01	1.771489e-03	-5.188469e-04	9.687981e-04
1.446830371168540e-03	1.154162e+01	1.628063e-03	-4.765601e-04	9.687820e-04
1.451713183668540e-03	1.154166e+01	1.483108e-03	-4.340009e-04	9.687658e-04
1.456595996168540e-03	1.154170e+01	1.336751e-03	-3.908539e-04	9.687494e-04
1.461478808668539e-03	1.154175e+01	1.189138e-03	-3.475152e-04	9.687329e-04
1.466361621168539e-03	1.154179e+01	1.040401e-03	-3.036702e-04	9.687163e-04
1.471244433668539e-03	1.154183e+01	8.906867e-04	-2.597155e-04	9.686996e-04
1.476127246168539e-03	1.154188e+01	7.401289e-04	-2.153372e-04	9.686827e-04
1.481010058668539e-03	1.154192e+01	5.888766e-04	-1.709323e-04	9.686658e-04
1.485892871168539e-03	1.154197e+01	4.370649e-04	-1.261871e-04	9.686488e-04
1.490775683668539e-03	1.154201e+01	2.848439e-04	-8.149961e-05	9.686318e-04
1.495658496168539e-03	1.154206e+01	1.323496e-04	-3.655582e-05	9.686147e-04
1.500541308668539e-03	1.154210e+01	-2.026721e-05	8.246107e-06	9.685977e-04
1.505424121168539e-03	1.154215e+01	-1.728702e-04	5.321958e-05	9.685806e-04
1.510306933668538e-03	1.154219e+01	-3.253083e-04	9.796682e-05	9.685636e-04
1.515189746168538e-03	1.154224e+01	-4.774455e-04	1.428012e-04	9.685465e-04
1.520072558668538e-03	1.154228e+01	-6.291313e-04	1.873250e-04	9.685296e-04
1.524955371168538e-03	1.154233e+01	-7.802302e-04	2.318517e-04	9.685127e-04
1.529838183668538e-03	1.154237e+01	-9.305927e-04	2.759839e-04	9.684959e-04
1.534720996168538e-03	1.154241e+01	-1.080085e-03	3.200361e-04	9.684792e-04
1.539603808668538e-03	1.154246e+01	-1.228558e-03	3.636106e-04	9.684626e-04
1.544486621168538e-03	1.154250e+01	-1.375880e-03	4.070223e-04	9.684461e-04
1.549369433668538e-03	1.154255e+01	-1.521905e-03	4.498746e-04	9.684298e-04
1.554252246168537e-03	1.154259e+01	-1.666503e-03	4.924830e-04	9.684137e-04
1.559135058668537e-03	1.154263e+01	-1.809531e-03	5.344515e-04	9.683977e-04
1.564017871168537e-03	1.154267e+01	-1.950860e-03	5.760966e-04	9.683818e-04
1.568900683668537e-03	1.154271e+01	-2.090352e-03	6.170230e-04	9.683663e-04
1.573783496168537e-03	1.154275e+01	-2.227881e-03	6.575481e-04	9.683509e-04
1.578666308668537e-03	1.154279e+01	-2.363312e-03	6.972784e-04	9.683358e-04
1.583549121168537e-03	1.154283e+01	-2.496523e-03	7.365315e-04	9.683209e-04
1.588431933668537e-03	1.154287e+01	-2.627383e-03	7.749152e-04	9.683063e-04
1.593314746168537e-03	1.154291e+01	-2.755775e-03	8.127490e-04	9.682919e-04
1.598197558668537e-03	1.154294e+01	-2.881572e-03	8.496416e-04	9.682779e-04
1.603080371168536e-03	1.154298e+01	-3.004661e-03	8.859139e-04	9.682641e-04
1.607963183668536e-03	1.154302e+01	-3.124921e-03	9.211762e-04	9.682507e-04
1.612845996168536e-03	1.154305e+01	-3.242245e-03	9.557508e-04	9.682375e-04
1.617728808668536e-03	1.154308e+01	-3.356515e-03	9.892497e-04	9.682248e-04
1.622611621168536e-03	1.154312e+01	-3.467632e-03	1.021997e-03	9.682123e-04
1.627494433668536e-03	1.154315e+01	-3.575482e-03	1.053606e-03	9.682003e-04
1.632377246168536e-03	1.154318e+01	-3.679973e-03	1.084403e-03	9.681886e-04
1.637260058668536e-03	1.154321e+01	-3.780998e-03	1.114003e-03	9.681773e-04
1.642142871168536e-03	1.154324e+01	-3.878470e-03	1.142734e-03	9.681664e-04
1.647025683668536e-03	1.154327e+01	-3.972290e-03	1.170213e-03	9.681560e-04
1.651908496168535e-03	1.154329e+01	-4.062376e-03	1.196770e-03	9.681458e-04
1.656791308668535e-03	1.154332e+01	-4.148637e-03	1.222024e-03	9.681363e-04
1.661674121168535e-03	1.154334e+01	-4.230998e-03	1.246308e-03	9.681270e-04
1.666556933668535e-03	1.154336e+01	-4.309376e-03	1.269243e-03	9.681183e-04
1.671439746168535e-03	1.154339e+01	-4.383703e-03	1.291162e-03	9.681100e-04
1.676322558668535e-03	1.154341e+01	-4.453902e-03	1.311690e-03	9.681022e-04
1.681205371168535e-03	1.154343e+01	-4.519914e-03	1.331162e-03	9.680947e-04
1.686088183668535e-03	1.154344e+01	-4.581670e-03	1.349206e-03	9.680879e-04
1.690970996168535e-03	1.154346e+01	-4.639119e-03	1.366159e-03	9.680815e-04
1.695853808668534e-03	1.154348e+01	-4.692200e-03	1.381650e-03	9.680756e-04
1.700736621168534e-03	1.154349e+01	-4.740871e-03	1.396020e-03	9.680701e-04
1.705619433668534e-03	1.154350e+01	-4.785077e-03	1.408900e-03	9.680652e-04
1.710502246168534e-03	1.154352e+01	-4.824785e-03	1.420633e-03	9.680607e-04
1.715385058668534e-03	1.154353e+01	-4.859949e-03	1.430853e-03	9.680568e-04
1.720267871168534e-03	1.154354e+01	-4.890545e-03	1.439905e-03	9.680534e-04
1.725150683668534e-03	1.154354e+01	-4.916536e-03	1.447427e-03	9.680506e-04
1.730033496168534e-03	1.154355e+01	-4.937905e-03	1.453765e-03	9.680481e-04
1.734916308668534e-03	1.154355e+01	-4.954625e-03	1.458558e-03	9.680463e-04
1.739799121168534e-03	1.154356e+01	-4.966686e-03	1.462159e-03	9.680449e-04
1.744681933668533e-03	1.154356e+01	-4.974072e-03	1.464207e-03	9.680442e-04
1.749564746168533e-03	1.154356e+01	-4.976781e-03	1.465056e-03	9.680438e-04
1.754447558668533e-03	1.154356e+01	-4.974803e-03	1.464350e-03	9.680441e-04
1.759330371168533e-03	1.154356e+01	-4.968150e-03	1.462445e-03	9.680448e-04
1.764213183668533e-03	1.154355e+01	-4.956818e-03	1.458987e-03	9.680461e-04
1.769095996168533e-03	1.154355e+01	-4.940826e-03	1.454336e-03	9.680479e-04
1.773978808668533e-03	1.154354e+01	-4.920182e-03	1.448140e-03	9.680502e-04
1.778861621168533e-03	1.154354e+01	-4.894912e-03	1.440760e-03	9.680530e-04
1.783744433668533e-03	1.154353e+01	-4.865034e-03	1.431848e-03	9.680564e-04
1.788627246168532e-03	1.154352e+01	-4.830582e-03	1.421767e-03	9.680602e-04
1.793510058668532e-03	1.154351e+01	-4.791581e-03	1.410172e-03	9.680646e-04
1.798392871168532e-03	1.154349e+01	-4.748076e-03	1.397430e-03	9.680695e-04
1.803275683668532e-03	1.154348e+01	-4.700100e-03	1.383196e-03	9.680749e-04
1.808158496168532e-03	1.154346e+01	-4.647706e-03	1.367839e-03	9.680807e-04
1.813041308668532e-03	1.154345e+01	-4.590935e-03	1.351019e-03	9.680871e-04
1.817924121168532e-03	1.154343e+01	-4.529849e-03	1.333106e-03	9.680939e-04
1.822806933668532e-03	1.154341e+01	-4.464497e-03	1.313763e-03	9.681013e-04
1.827689746168532e-03	1.154339e+01	-4.394949e-03	1.293362e-03	9.681090e-04
1.832572558668532e-03	1.154337e+01	-4.321263e-03	1.271568e-03	9.681173e-04
1.837455371168531e-03	1.154334e+01	-4.243515e-03	1.248757e-03	9.681259e-04
1.842338183668531e-03	1.154332e+01	-4.161770e-03	1.224594e-03	9.681351e-04
1.847220996168531e-03	1.154329e+01	-4.076114e-03	1.199458e-03	9.681447e-04
1.852103808668531e-03	1.154327e+01	-3.986619e-03	1.173016e-03	9.681548e-04
1.856986621168531e-03	1.154324e+01	-3.893378e-03	1.145650e-03	9.681651e-04
1.861869433668531e-03	1.154321e+01	-3.796471e-03	1.117030e-03	9.681760e-04
1.866752246168531e-03	1.154318e+01	-3.695995e-03	1.087537e-03	9.681872e-04
1.871635058668531e-03	1.154315e+01	-3.592039e-03	1.056845e-03	9.681989e-04
1.876517871168531e-03	1.154312e+01	-3.484707e-03	1.025338e-03	9.682109e-04
1.881400683668531e-03	1.154309e+01	-3.374094e-03	9.926888e-04	9.682233e-04
1.886283496168530e-03	1.154306e+01	-3.260310e-03	9.592851e-04	9.682360e-04
1.891166308668530e-03	1.154302e+01	-3.143456e-03	9.248022e-04	9.682490e-04
1.896049121168530e-03	1.154299e+01	-3.023648e-03	8.896284e-04	9.682624e-04
1.900931933668530e-03	1.154295e+01	-2.900993e-03	8.534410e-04	9.682762e-04
1.905814746168530e-03	1.154291e+01	-2.775613e-03	8.166297e-04	9.682902e-04
1.910697558668530e-03	1.154287e+01	-2.647618e-03	7.788735e-04	9.683045e-04
1.915580371168530e-03	1.154284e+01	-2.517136e-03	7.405638e-04	9.683191e-04
1.920463183668530e-03	1.154280e+01	-2.384283e-03	7.013808e-04	9.683340e-04
1.925345996168530e-03	1.154276e+01	-2.249192e-03	6.617170e-04	9.683490e-04
1.930228808668529e-03	1.154272e+01	-2.111982e-03	6.212541e-04	9.683644e-04
1.935111621168529e-03	1.154268e+01	-1.972789e-03	5.803860e-04	9.683800e-04
1.939994433668529e-03	1.154263e+01	-1.831737e-03	5.387953e-04	9.683958e-04
1.944877246168529e-03	1.154259e+01	-1.688967e-03	4.968770e-04	9.684117e-04
1.949760058668529e-03	1.154255e+01	-1.544604e-03	4.543147e-04	9.684279e-04
1.954642871168529e-03	1.154251e+01	-1.398794e-03	4.115042e-04	9.684442e-04
1.959525683668529e-03	1.154246e+01	-1.251665e-03	3.681303e-04	9.684606e-04
1.964408496168529e-03	1.154242e+01	-1.103363e-03	3.245891e-04	9.684772e-04
1.969291308668529e-03	1.154238e+01	-9.540202e-04	2.805663e-04	9.684939e-04
1.974174121168529e-03	1.154233e+01	-8.037850e-04	2.364586e-04	9.685107e-04
1.979056933668529e-03	1.154229e+01	-6.527913e-04	1.919523e-04	9.685276e-04
1.983939746168529e-03	1.154224e+01	-5.011884e-04	1.474448e-04	9.685445e-04
1.988822558668528e-03	1.154220e+01	-3.491117e-04	1.026222e-04	9.685616e-04
1.993705371168528e-03	1.154215e+01	-1.967116e-04	5.788231e-05	9.685786e-04
1.998588183668528e-03	1.154211e+01	-4.412437e-05	1.291175e-05	9.685957e-04
2.003470996168528e-03	1.154206e+01	1.084992e-04	-3.189165e-05	9.686127e-04
2.008353808668528e-03	1.154202e+01	2.610227e-04	-7.684114e-05	9.686298e-04
2.013236621168528e-03	1.154197e+01	4.132954e-04	-1.215391e-04	9.686468e-04
2.018119433668528e-03	1.154193e+01	5.651811e-04	-1.662988e-04	9.686638e-04
2.023002246168528e-03	1.154189e+01	7.165297e-04	-2.107225e-04	9.686807e-04
2.027885058668528e-03	1.154184e+01	8.672060e-04	-2.551243e-04	9.686975e-04
2.032767871168528e-03	1.154180e+01	1.017061e-03	-2.991066e-04	9.687142e-04
2.037650683668527e-03	1.154175e+01	1.165961e-03	-3.429837e-04	9.687310e-04
2.042533496168527e-03	1.154171e+01	1.313758e-03	-3.863585e-04	9.687474e-04
2.047416308668527e-03	1.154167e+01	1.460321e-03	-4.295459e-04	9.687638e-04
2.052299121168527e-03	1.154162e+01	1.605504e-03	-4.721497e-04	9.687800e-04
2.057181933668527e-03	1.154158e+01	1.749178e-03	-5.144854e-04	9.687961e-04
2.062064746168527e-03	1.154154e+01	1.891201e-03	-5.561575e-04	9.688120e-04
2.066947558668527e-03	1.154150e+01	2.031446e-03	-5.974824e-04	9.688277e-04
2.071830371168527e-03	1.154146e+01	2.169773e-03	-6.380657e-04	9.688431e-04
2.076713183668527e-03	1.154142e+01	2.306061e-03	-6.782245e-04	9.688584e-04
2.081595996168526e-03	1.154138e+01	2.440173e-03	-7.175659e-04	9.688733e-04
2.086478808668526e-03	1.154134e+01	2.571990e-03	-7.564080e-04	9.688881e-04
2.091361621168526e-03	1.154130e+01	2.701382e-03	-7.943589e-04	9.689025e-04
2.096244433668526e-03	1.154126e+01	2.828233e-03	-8.317384e-04	9.689167e-04
2.101127246168526e-03	1.154123e+01	2.952418e-03	-8.681557e-04	9.689306e-04
2.106010058668526e-03	1.154119e+01	3.073825e-03	-9.039323e-04	9.689442e-04
2.110892871168526e-03	1.154116e+01	3.192335e-03	-9.386787e-04	9.689574e-04
2.115775683668526e-03	1.154112e+01	3.307842e-03	-9.727179e-04	9.689704e-04
2.120658496168526e-03	1.154109e+01	3.420230e-03	-1.005662e-03	9.689829e-04
2.125541308668526e-03	1.154106e+01	3.529402e-03	-1.037836e-03	9.689951e-04
2.130424121168525e-03	1.154103e+01	3.635247e-03	-1.068854e-03	9.690069e-04
2.135306933668525e-03	1.154100e+01	3.737672e-03	-1.099043e-03	9.690184e-04
2.140189746168525e-03	1.154097e+01	3.836574e-03	-1.128017e-03	9.690294e-04
2.145072558668525e-03	1.154094e+01	3.931868e-03	-1.156107e-03	9.690401e-04
2.149955371168525e-03	1.154091e+01	4.023456e-03	-1.182928e-03	9.690503e-04
2.154838183668525e-03	1.154089e+01	4.111259e-03	-1.208813e-03	9.690601e-04
2.159720996168525e-03	1.154086e+01	4.195187e-03	-1.233381e-03	9.690694e-04
2.164603808668525e-03	1.154084e+01	4.275170e-03	-1.256964e-03	9.690784e-04
2.169486621168525e-03	1.154082e+01	4.351123e-03	-1.279185e-03	9.690869e-04
2.174369433668524e-03	1.154080e+01	4.422984e-03	-1.300378e-03	9.690949e-04
2.179252246168524e-03	1.154078e+01	4.490676e-03	-1.320167e-03	9.691024e-04
2.184135058668524e-03	1.154076e+01	4.554144e-03	-1.338891e-03	9.691096e-04
2.189017871168524e-03	1.154074e+01	4.613321e-03	-1.356175e-03	9.691162e-04
2.193900683668524e-03	1.154072e+01	4.668158e-03	-1.372359e-03	9.691223e-04
2.198783496168524e-03	1.154071e+01	4.718596e-03	-1.387072e-03	9.691279e-04
2.203666308668524e-03	1.154070e+01	4.764595e-03	-1.400656e-03	9.691330e-04
2.208549121168524e-03	1.154068e+01	4.806104e-03	-1.412743e-03	9.691376e-04
2.213431933668524e-03	1.154067e+01	4.843093e-03	-1.423676e-03	9.691418e-04
2.218314746168524e-03	1.154066e+01	4.875518e-03	-1.433089e-03	9.691454e-04
2.223197558668523e-03	1.154065e+01	4.903356e-03	-1.441330e-03	9.691485e-04
2.228080371168523e-03	1.154065e+01	4.926575e-03	-1.448036e-03	9.691511e-04
2.232963183668523e-03	1.154064e+01	4.945158e-03	-1.453555e-03	9.691532e-04
2.237845996168523e-03	1.154064e+01	4.959083e-03	-1.457526e-03	9.691547e-04
2.242728808668523e-03	1.154064e+01	4.968342e-03	-1.460302e-03	9.691557e-04
2.247611621168523e-03	1.154063e+01	4.972920e-03	-1.461524e-03	9.691562e-04
2.252494433668523e-03	1.154063e+01	4.972819e-03	-1.461547e-03	9.691563e-04
2.257377246168523e-03	1.154064e+01	4.968033e-03	-1.460015e-03	9.691557e-04
2.262260058668523e-03	1.154064e+01	4.958574e-03	-1.457285e-03	9.691546e-04
2.267142871168523e-03	1.154064e+01	4.944442e-03	-1.453005e-03	9.691530e-04
2.272025683668522e-03	1.154065e+01	4.925659e-03	-1.447533e-03	9.691509e-04
2.276908496168522e-03	1.154066e+01	4.902235e-03	-1.440519e-03	9.691483e-04
2.281791308668522e-03	1.154066e+01	4.874199e-03	-1.432326e-03	9.691452e-04
2.286674121168522e-03	1.154067e+01	4.841571e-03	-1.422605e-03	9.691415e-04
2.291556933668522e-03	1.154068e+01	4.804387e-03	-1.411722e-03	9.691374e-04
2.296439746168522e-03	1.154070e+01	4.762677e-03	-1.399331e-03	9.691326e-04
2.301322558668522e-03	1.154071e+01	4.716487e-03	-1.385799e-03	9.691275e-04
2.306205371168522e-03	1.154072e+01	4.665852e-03	-1.370784e-03	9.691218e-04
2.311088183668522e-03	1.154074e+01	4.610828e-03	-1.354654e-03	9.691156e-04
2.315970996168521e-03	1.154076e+01	4.551460e-03	-1.337070e-03	9.691090e-04
2.320853808668521e-03	1.154078e+01	4.487809e-03	-1.318405e-03	9.691019e-04
2.325736621168521e-03	1.154080e+01	4.419930e-03	-1.298319e-03	9.690943e-04
2.330619433668521e-03	1.154082e+01	4.347892e-03	-1.277187e-03	9.690862e-04
2.335502246168521e-03	1.154084e+01	4.271758e-03	-1.254674e-03	9.690777e-04
2.340385058668521e-03	1.154086e+01	4.191605e-03	-1.231156e-03	9.690687e-04
2.345267871168521e-03	1.154089e+01	4.107502e-03	-1.206301e-03	9.690593e-04
2.350150683668521e-03	1.154091e+01	4.019536e-03	-1.180486e-03	9.690495e-04
2.355033496168521e-03	1.154094e+01	3.927781e-03	-1.153381e-03	9.690392e-04
2.359916308668521e-03	1.154097e+01	3.832331e-03	-1.125366e-03	9.690286e-04
2.364799121168520e-03	1.154100e+01	3.733269e-03	-1.096113e-03	9.690174e-04
2.369681933668520e-03	1.154103e+01	3.630696e-03	-1.066005e-03	9.690060e-04
2.374564746168520e-03	1.154106e+01	3.524701e-03	-1.034714e-03	9.689941e-04
2.379447558668520e-03	1.154109e+01	3.415390e-03	-1.002626e-03	9.689819e-04
2.384330371168520e-03	1.154113e+01	3.302860e-03	-9.694144e-04	9.689693e-04
2.389213183668520e-03	1.154116e+01	3.187223e-03	-9.354669e-04	9.689564e-04
2.394095996168520e-03	1.154119e+01	3.068581e-03	-9.004595e-04	9.689431e-04
2.398978808668520e-03	1.154123e+01	2.947053e-03	-8.647809e-04	9.689296e-04
2.403861621168520e-03	1.154127e+01	2.822746e-03	-8.281092e-04	9.689156e-04
2.408744433668519e-03	1.154130e+01	2.695785e-03	-7.908342e-04	9.689014e-04
2.413627246168519e-03	1.154134e+01	2.566281e-03	-7.526355e-04	9.688869e-04
2.418510058668519e-03	1.154138e+01	2.434365e-03	-7.139047e-04	9.688722e-04
2.423392871168519e-03	1.154142e+01	2.300151e-03	-6.743228e-04	9.688571e-04
2.428275683668519e-03	1.154146e+01	2.163775e-03	-6.342824e-04	9.688420e-04
2.433158496168519e-03	1.154150e+01	2.025358e-03	-5.934656e-04	9.688264e-04
2.438041308668519e-03	1.154154e+01	1.885036e-03	-5.522667e-04	9.688108e-04
2.442924121168519e-03	1.154158e+01	1.742935e-03	-5.103685e-04	9.687948e-04
2.447806933668519e-03	1.154163e+01	1.599195e-03	-4.681663e-04	9.687788e-04
2.452689746168519e-03	1.154167e+01	1.453946e-03	-4.253440e-04	9.687625e-04
2.457572558668518e-03	1.154171e+01	1.307330e-03	-3.822977e-04	9.687461e-04
2.462455371168518e-03	1.154176e+01	1.159478e-03	-3.387123e-04	9.687296e-04
2.467338183668518e-03	1.154180e+01	1.010537e-03	-2.949844e-04	9.687130e-04
2.472220996168518e-03	1.154184e+01	8.606398e-04	-2.507993e-04	9.686961e-04
2.477103808668518e-03	1.154189e+01	7.099347e-04	-2.065545e-04	9.686794e-04
2.481986621168518e-03	1.154193e+01	5.585562e-04	-1.619360e-04	9.686624e-04
2.486869433668518e-03	1.154198e+01	4.066541e-04	-1.173413e-04	9.686454e-04
2.491752246168518e-03	1.154202e+01	2.543641e-04	-7.245675e-05	9.686284e-04
2.496635058668518e-03	1.154207e+01	1.018367e-04	-2.768031e-05	9.686113e-04
2.501517871168518e-03	1.154211e+01	-5.079172e-05	1.730148e-05	9.685943e-04
2.506400683668517e-03	1.154216e+01	-2.033703e-04	6.209096e-05	9.685772e-04
2.511283496168517e-03	1.154220e+01	-3.557627e-04	1.070011e-04	9.685602e-04
2.516166308668517e-03	1.154225e+01	-5.078181e-04	1.516345e-04	9.685432e-04
2.521049121168517e-03	1.154229e+01	-6.594008e-04	1.963045e-04	9.685262e-04
2.525931933668517e-03	1.154234e+01	-8.103609e-04	2.406135e-04	9.685094e-04
2.530814746168517e-03	1.154238e+01	-9.605635e-04	2.848753e-04	9.684925e-04
2.535697558668517e-03	1.154242e+01	-1.109860e-03	3.286928e-04	9.684759e-04
2.540580371168517e-03	1.154247e+01	-1.258117e-03	3.723804e-04	9.684593e-04
2.545463183668517e-03	1.154251e+01	-1.405188e-03	4.155411e-04	9.684429e-04
2.550345996168516e-03	1.154255e+01	-1.550942e-03	4.584902e-04	9.684266e-04
2.555228808668516e-03	1.154260e+01	-1.695234e-03	5.008316e-04	9.684105e-04
2.560111621168516e-03	1.154264e+01	-1.837935e-03	5.428808e-04	9.683945e-04
2.564994433668516e-03	1.154268e+01	-1.978905e-03	5.842429e-04	9.683787e-04
2.569877246168516e-03	1.154272e+01	-2.118017e-03	6.252345e-04	9.683632e-04
2.574760058668516e-03	1.154276e+01	-2.255134e-03	6.654615e-04	9.683479e-04
2.579642871168516e-03	1.154280e+01	-2.390134e-03	7.052414e-04	9.683328e-04
2.584525683668516e-03	1.154284e+01	-2.522882e-03	7.441813e-04	9.683180e-04
2.589408496168516e-03	1.154288e+01	-2.653261e-03	7.826002e-04	9.683034e-04
2.594291308668516e-03	1.154292e+01	-2.781141e-03	8.201063e-04	9.682891e-04
2.599174121168515e-03	1.154295e+01	-2.906408e-03	8.570199e-04	9.682751e-04
2.604056933668515e-03	1.154299e+01	-3.028938e-03	8.929507e-04	9.682614e-04
2.608939746168515e-03	1.154302e+01	-3.148622e-03	9.282202e-04	9.682480e-04
2.613822558668515e-03	1.154306e+01	-3.265341e-03	9.624402e-04	9.682350e-04
2.618705371168515e-03	1.154309e+01	-3.378992e-03	9.959334e-04	9.682222e-04
2.623588183668515e-03	1.154312e+01	-3.489461e-03	1.028313e-03	9.682099e-04
2.628470996168515e-03	1.154315e+01	-3.596651e-03	1.059904e-03	9.681979e-04
2.633353808668515e-03	1.154319e+01	-3.700453e-03	1.090322e-03	9.681864e-04
2.638236621168515e-03	1.154321e+01	-3.800778e-03	1.119893e-03	9.681751e-04
2.643119433668514e-03	1.154324e+01	-3.897524e-03	1.148233e-03	9.681644e-04
2.648002246168514e-03	1.154327e+01	-3.990607e-03	1.175672e-03	9.681539e-04
2.652885058668514e-03	1.154330e+01	-4.079932e-03	1.201828e-03	9.681439e-04
2.657767871168514e-03	1.154332e+01	-4.165422e-03	1.227033e-03	9.681344e-04
2.662650683668514e-03	1.154335e+01	-4.246990e-03	1.250906e-03	9.681253e-04
2.667533496168514e-03	1.154337e+01	-4.324566e-03	1.273782e-03	9.681166e-04
2.672416308668514e-03	1.154339e+01	-4.398070e-03	1.295282e-03	9.681084e-04
2.677299121168514e-03	1.154341e+01	-4.467439e-03	1.315742e-03	9.681006e-04
2.682181933668514e-03	1.154343e+01	-4.532602e-03	1.334788e-03	9.680934e-04
2.687064746168514e-03	1.154345e+01	-4.593505e-03	1.352757e-03	9.680865e-04
2.691947558668513e-03	1.154346e+01	-4.650082e-03	1.369277e-03	9.680802e-04
2.696830371168513e-03	1.154348e+01	-4.702287e-03	1.384687e-03	9.680744e-04
2.701713183668513e-03	1.154349e+01	-4.750065e-03	1.398618e-03	9.680691e-04
2.706595996168513e-03	1.154351e+01	-4.793378e-03	1.411412e-03	9.680642e-04
2.711478808668513e-03	1.154352e+01	-4.832176e-03	1.422701e-03	9.680599e-04
2.716361621168513e-03	1.154353e+01	-4.866433e-03	1.432830e-03	9.680561e-04
2.721244433668513e-03	1.154354e+01	-4.896107e-03	1.441435e-03	9.680528e-04
2.726127246168513e-03	1.154354e+01	-4.921179e-03	1.448862e-03	9.680500e-04
2.731010058668513e-03	1.154355e+01	-4.941617e-03	1.454750e-03	9.680478e-04
2.735892871168513e-03	1.154356e+01	-4.957409e-03	1.459447e-03	9.680460e-04
2.740775683668512e-03	1.154356e+01	-4.968533e-03	1.462595e-03	9.680447e-04
2.745658496168512e-03	1.154356e+01	-4.974986e-03	1.464545e-03	9.680440e-04
2.750541308668512e-03	1.154356e+01	-4.976755e-03	1.464941e-03	9.680439e-04
2.755424121168512e-03	1.154356e+01	-4.973845e-03	1.464138e-03	9.680442e-04
2.760306933668512e-03	1.154356e+01	-4.966252e-03	1.461780e-03	9.680450e-04
2.765189746168512e-03	1.154355e+01	-4.953990e-03	1.458226e-03	9.680464e-04
2.770072558668512e-03	1.154355e+01	-4.937063e-03	1.453123e-03	9.680483e-04
2.774955371168512e-03	1.154354e+01	-4.915495e-03	1.446832e-03	9.680507e-04
2.779838183668512e-03	1.154353e+01	-4.889299e-03	1.439002e-03	9.680537e-04
2.784720996168511e-03	1.154353e+01	-4.858506e-03	1.429998e-03	9.680571e-04
2.789603808668511e-03	1.154352e+01	-4.823139e-03	1.419472e-03	9.680611e-04
2.794486621168511e-03	1.154350e+01	-4.783237e-03	1.407788e-03	9.680655e-04
2.799369433668511e-03	1.154349e+01	-4.738831e-03	1.394604e-03	9.680705e-04
2.804252246168511e-03	1.154348e+01	-4.689971e-03	1.380287e-03	9.680760e-04
2.809135058668511e-03	1.154346e+01	-4.636695e-03	1.364494e-03	9.680820e-04
2.814017871168511e-03	1.154344e+01	-4.579060e-03	1.347596e-03	9.680884e-04
2.818900683668511e-03	1.154342e+01	-4.517113e-03	1.329254e-03	9.680954e-04
2.823783496168511e-03	1.154341e+01	-4.450920e-03	1.309840e-03	9.681028e-04
2.828666308668511e-03	1.154338e+01	-4.380536e-03	1.289017e-03	9.681107e-04
2.833549121168510e-03	1.154336e+01	-4.306034e-03	1.267160e-03	9.681190e-04
2.838431933668510e-03	1.154334e+01	-4.227478e-03	1.243934e-03	9.681278e-04
2.843314746168510e-03	1.154332e+01	-4.144948e-03	1.219717e-03	9.681370e-04
2.848197558668510e-03	1.154329e+01	-4.058514e-03	1.194176e-03	9.681467e-04
2.853080371168510e-03	1.154326e+01	-3.968267e-03	1.167689e-03	9.681568e-04
2.857963183668510e-03	1.154324e+01	-3.874282e-03	1.139928e-03	9.681673e-04
2.862845996168510e-03	1.154321e+01	-3.776656e-03	1.111273e-03	9.681782e-04
2.867728808668510e-03	1.154318e+01	-3.675474e-03	1.081396e-03	9.681896e-04
2.872611621168510e-03	1.154315e+01	-3.570838e-03	1.050681e-03	9.682012e-04
2.877494433668509e-03	1.154311e+01	-3.462839e-03	1.018801e-03	9.682134e-04
2.882377246168509e-03	1.154308e+01	-3.351586e-03	9.861406e-04	9.682258e-04
2.887260058668509e-03	1.154305e+01	-3.237176e-03	9.523763e-04	9.682386e-04
2.892142871168509e-03	1.154301e+01	-3.119726e-03	9.178948e-04	9.682517e-04
2.897025683668509e-03	1.154298e+01	-2.999336e-03	8.823732e-04	9.682652e-04
2.901908496168509e-03	1.154294e+01	-2.876129e-03	8.462007e-04	9.682789e-04
2.906791308668509e-03	1.154290e+01	-2.750213e-03	8.090553e-04	9.682931e-04
2.911674121168509e-03	1.154287e+01	-2.621714e-03	7.713279e-04	9.683074e-04
2.916556933668509e-03	1.154283e+01	-2.490746e-03	7.326982e-04	9.683221e-04
2.921439746168509e-03	1.154279e+01	-2.357438e-03	6.935584e-04	9.683369e-04
2.926322558668508e-03	1.154275e+01	-2.221910e-03	6.535896e-04	9.683521e-04
2.931205371168508e-03	1.154271e+01	-2.084296e-03	6.131848e-04	9.683675e-04
2.936088183668508e-03	1.154267e+01	-1.944717e-03	5.720269e-04	9.683832e-04
2.940970996168508e-03	1.154263e+01	-1.803314e-03	5.305097e-04	9.683989e-04
2.945853808668508e-03	1.154258e+01	-1.660212e-03	4.883172e-04	9.684149e-04
2.950736621168508e-03	1.154254e+01	-1.515552e-03	4.458442e-04	9.684311e-04
2.955619433668508e-03	1.154250e+01	-1.369464e-03	4.027757e-04	9.684475e-04
2.960502246168508e-03	1.154246e+01	-1.222092e-03	3.595072e-04	9.684639e-04
2.965385058668508e-03	1.154241e+01	-1.073568e-03	3.157241e-04	9.684805e-04
2.970267871168508e-03	1.154237e+01	-9.240383e-04	2.718233e-04	9.684972e-04
2.975150683668507e-03	1.154232e+01	-7.736371e-04	2.274905e-04	9.685141e-04
2.980033496168507e-03	1.154228e+01	-6.225131e-04	1.831227e-04	9.685309e-04
2.984916308668507e-03	1.154223e+01	-4.708011e-04	1.384066e-04	9.685479e-04
2.989799121168507e-03	1.154219e+01	-3.186512e-04	9.373941e-05	9.685649e-04
2.994681933668507e-03	1.154214e+01	-1.661993e-04	4.880776e-05	9.685820e-04
2.999564746168507e-03	1.154210e+01	-1.359619e-05	4.009568e-06	9.685991e-04
3.004447558668507e-03	1.154206e+01	1.390218e-04	-4.096872e-05	9.686161e-04
3.009330371168507e-03	1.154201e+01	2.915037e-04	-8.572905e-05	9.686332e-04
3.014213183668507e-03	1.154197e+01	4.437133e-04	-1.305848e-04	9.686502e-04
3.019095996168506e-03	1.154192e+01	5.955002e-04	-1.751386e-04	9.686672e-04
3.023978808668506e-03	1.154188e+01	7.467286e-04	-2.197035e-04	9.686841e-04
3.028861621168506e-03	1.154183e+01	8.972490e-04	-2.638825e-04	9.687009e-04
3.033744433668506e-03	1.154179e+01	1.046927e-03	-3.079892e-04	9.687176e-04
3.038627246168506e-03	1.154174e+01	1.195615e-03	-3.516270e-04	9.687342e-04
3.043510058668506e-03	1.154170e+01	1.343179e-03	-3.951097e-04	9.687507e-04
3.048392871168506e-03	1.154166e+01	1.489474e-03	-4.380415e-04	9.687671e-04
3.053275683668506e-03	1.154162e+01	1.634369e-03	-4.807371e-04	9.687833e-04
3.058158496168506e-03	1.154157e+01	1.777721e-03	-5.228010e-04	9.687993e-04
3.063041308668506e-03	1.154153e+01	1.919401e-03	-5.645491e-04	9.688152e-04
3.067924121168505e-03	1.154149e+01	2.059270e-03	-6.055865e-04	9.688308e-04
3.072806933668505e-03	1.154145e+01	2.197203e-03	-6.462302e-04	9.688462e-04
3.077689746168505e-03	1.154141e+01	2.333063e-03	-6.860863e-04	9.688614e-04
3.082572558668505e-03	1.154137e+01	2.466729e-03	-7.254729e-04	9.688764e-04
3.087455371168505e-03	1.154133e+01	2.598069e-03	-7.639975e-04	9.688910e-04
3.092338183668505e-03	1.154129e+01	2.726965e-03	-8.019791e-04	9.689054e-04
3.097220996168505e-03	1.154126e+01	2.853289e-03	-8.390268e-04	9.689195e-04
3.102103808668505e-03	1.154122e+01	2.976930e-03	-8.754609e-04	9.689333e-04
3.106986621168505e-03	1.154119e+01	3.097764e-03	-9.108920e-04	9.689468e-04
3.111869433668504e-03	1.154115e+01	3.215685e-03	-9.456417e-04	9.689601e-04
3.116752246168504e-03	1.154112e+01	3.330574e-03	-9.793222e-04	9.689729e-04
3.121635058668504e-03	1.154108e+01	3.442331e-03	-1.012257e-03	9.689854e-04
3.126517871168504e-03	1.154105e+01	3.550842e-03	-1.044060e-03	9.689975e-04
3.131400683668504e-03	1.154102e+01	3.656014e-03	-1.075057e-03	9.690092e-04
3.136283496168504e-03	1.154099e+01	3.757739e-03	-1.104863e-03	9.690206e-04
3.141166308668504e-03	1.154096e+01	3.855930e-03	-1.133804e-03	9.690316e-04
3.146049121168504e-03	1.154093e+01	3.950486e-03	-1.161500e-03	9.690421e-04
3.150931933668504e-03	1.154091e+01	4.041327e-03	-1.188278e-03	9.690523e-04
3.155814746168504e-03	1.154088e+01	4.128359e-03	-1.213760e-03	9.690620e-04
3.160697558668503e-03	1.154086e+01	4.211507e-03	-1.238274e-03	9.690713e-04
3.165580371168503e-03	1.154083e+01	4.290687e-03	-1.261444e-03	9.690801e-04
3.170463183668503e-03	1.154081e+01	4.365830e-03	-1.283603e-03	9.690885e-04
3.175345996168503e-03	1.154079e+01	4.436859e-03	-1.304375e-03	9.690964e-04
3.180228808668503e-03	1.154077e+01	4.503715e-03	-1.324096e-03	9.691039e-04
3.185111621168503e-03	1.154075e+01	4.566326e-03	-1.342390e-03	9.691109e-04
3.189994433668503e-03	1.154074e+01	4.624642e-03	-1.359598e-03	9.691174e-04
3.194877246168503e-03	1.154072e+01	4.678600e-03	-1.375347e-03	9.691234e-04
3.199760058668503e-03	1.154071e+01	4.728157e-03	-1.389978e-03	9.691290e-04
3.204642871168503e-03	1.154069e+01	4.773259e-03	-1.403121e-03	9.691340e-04
3.209525683668502e-03	1.154068e+01	4.813870e-03	-1.415119e-03	9.691386e-04
3.214408496168502e-03	1.154067e+01	4.849946e-03	-1.425607e-03	9.691425e-04
3.219291308668502e-03	1.154066e+01	4.881459e-03	-1.434929e-03	9.691461e-04
3.224174121168502e-03	1.154065e+01	4.908372e-03	-1.442722e-03	9.691491e-04
3.229056933668502e-03	1.154065e+01	4.930668e-03	-1.449332e-03	9.691516e-04
3.233939746168502e-03	1.154064e+01	4.948318e-03	-1.454400e-03	9.691535e-04
3.238822558668502e-03	1.154064e+01	4.961313e-03	-1.458274e-03	9.691550e-04
3.243705371168502e-03	1.154064e+01	4.969634e-03	-1.460598e-03	9.691559e-04
3.248588183668502e-03	1.154063e+01	4.973279e-03	-1.461722e-03	9.691563e-04
3.253470996168501e-03	1.154063e+01	4.972239e-03	-1.461292e-03	9.691562e-04
3.258353808668501e-03	1.154064e+01	4.966520e-03	-1.459662e-03	9.691555e-04
3.263236621168501e-03	1.154064e+01	4.956122e-03	-1.456480e-03	9.691544e-04
3.268119433668501e-03	1.154064e+01	4.941063e-03	-1.452103e-03	9.691527e-04
3.273002246168501e-03	1.154065e+01	4.921346e-03	-1.446180e-03	9.691505e-04
3.277885058668501e-03	1.154066e+01	4.897001e-03	-1.439072e-03	9.691477e-04
3.282767871168501e-03	1.154066e+01	4.868042e-03	-1.430430e-03	9.691445e-04
3.287650683668501e-03	1.154068e+01	4.834502e-03	-1.420619e-03	9.691407e-04
3.292533496168501e-03	1.154069e+01	4.796408e-03	-1.409291e-03	9.691364e-04
3.297416308668501e-03	1.154070e+01	4.753802e-03	-1.396813e-03	9.691317e-04
3.302299121168500e-03	1.154071e+01	4.706716e-03	-1.382841e-03	9.691264e-04
3.307181933668500e-03	1.154073e+01	4.655202e-03	-1.367744e-03	9.691207e-04
3.312064746168500e-03	1.154074e+01	4.599302e-03	-1.351180e-03	9.691144e-04
3.316947558668500e-03	1.154076e+01	4.539075e-03	-1.333521e-03	9.691077e-04
3.321830371168500e-03	1.154078e+01	4.474571e-03	-1.314427e-03	9.691004e-04
3.326713183668500e-03	1.154080e+01	4.405858e-03	-1.294273e-03	9.690927e-04
3.331595996168500e-03	1.154082e+01	4.332993e-03	-1.272721e-03	9.690846e-04
3.336478808668500e-03	1.154084e+01	4.256052e-03	-1.250148e-03	9.690759e-04
3.341361621168500e-03	1.154087e+01	4.175100e-03	-1.226218e-03	9.690669e-04
3.346244433668500e-03	1.154089e+01	4.090221e-03	-1.201311e-03	9.690574e-04
3.351127246168499e-03	1.154092e+01	4.001487e-03	-1.175094e-03	9.690474e-04
3.356010058668499e-03	1.154095e+01	3.908989e-03	-1.147947e-03	9.690371e-04
3.360892871168499e-03	1.154098e+01	3.812807e-03	-1.119541e-03	9.690264e-04
3.365775683668499e-03	1.154101e+01	3.713038e-03	-1.090257e-03	9.690152e-04
3.370658496168499e-03	1.154104e+01	3.609770e-03	-1.059768e-03	9.690037e-04
3.375541308668499e-03	1.154107e+01	3.503106e-03	-1.028457e-03	9.689917e-04
3.380424121168499e-03	1.154110e+01	3.393140e-03	-9.959992e-04	9.689794e-04
3.385306933668499e-03	1.154113e+01	3.279983e-03	-9.627803e-04	9.689667e-04
3.390189746168499e-03	1.154117e+01	3.163733e-03	-9.284760e-04	9.689537e-04
3.395072558668498e-03	1.154120e+01	3.044508e-03	-8.934739e-04	9.689404e-04
3.399955371168498e-03	1.154124e+01	2.922412e-03	-8.574518e-04	9.689268e-04
3.404838183668498e-03	1.154127e+01	2.797568e-03	-8.207987e-04	9.689128e-04
3.409720996168498e-03	1.154131e+01	2.670086e-03	-7.831940e-04	9.688985e-04
3.414603808668498e-03	1.154135e+01	2.540092e-03	-7.450282e-04	9.688840e-04
3.419486621168498e-03	1.154139e+01	2.407703e-03	-7.059821e-04	9.688692e-04
3.424369433668498e-03	1.154143e+01	2.273050e-03	-6.664477e-04	9.688542e-04
3.429252246168498e-03	1.154147e+01	2.136253e-03	-6.261066e-04	9.688388e-04
3.434135058668498e-03	1.154151e+01	1.997447e-03	-5.853526e-04	9.688233e-04
3.439017871168498e-03	1.154155e+01	1.856756e-03	-5.438685e-04	9.688076e-04
3.443900683668497e-03	1.154159e+01	1.714319e-03	-5.020487e-04	9.687917e-04
3.448783496168497e-03	1.154164e+01	1.570264e-03	-4.595769e-04	9.687755e-04
3.453666308668497e-03	1.154168e+01	1.424733e-03	-4.168489e-04	9.687593e-04
3.458549121168497e-03	1.154172e+01	1.277855e-03	-3.735493e-04	9.687428e-04
3.463431933668497e-03	1.154177e+01	1.129778e-03	-3.300743e-04	9.687263e-04
3.468314746168497e-03	1.154181e+01	9.806313e-04	-2.861093e-04	9.687096e-04
3.473197558668497e-03	1.154185e+01	8.305642e-04	-2.420512e-04	9.686928e-04
3.478080371168497e-03	1.154190e+01	6.797101e-04	-1.975862e-04	9.686759e-04
3.482963183668497e-03	1.154194e+01	5.282185e-04	-1.531113e-04	9.686591e-04
3.487845996168496e-03	1.154199e+01	3.762243e-04	-1.083131e-04	9.686420e-04
3.492728808668496e-03	1.154203e+01	2.238783e-04	-6.358902e-05	9.686250e-04
3.497611621168496e-03	1.154208e+01	7.131629e-05	-1.862584e-05	9.686079e-04
3.502494433668496e-03	1.154212e+01	-8.131074e-05	2.617869e-05	9.685909e-04
3.507377246168496e-03	1.154217e+01	-2.338665e-04	7.113780e-05	9.685738e-04
3.512260058668496e-03	1.154221e+01	-3.862000e-04	1.158539e-04	9.685568e-04
3.517142871168496e-03	1.154226e+01	-5.381753e-04	1.606401e-04	9.685398e-04
3.522025683668496e-03	1.154230e+01	-6.896419e-04	2.050990e-04	9.685229e-04
3.526908496168496e-03	1.154234e+01	-8.404648e-04	2.495441e-04	9.685060e-04
3.531791308668496e-03	1.154239e+01	-9.904945e-04	2.935783e-04	9.684893e-04
3.536674121168495e-03	1.154243e+01	-1.139597e-03	3.375152e-04	9.684726e-04
3.541556933668495e-03	1.154248e+01	-1.287625e-03	3.809586e-04	9.684560e-04
3.546439746168495e-03	1.154252e+01	-1.434447e-03	4.242224e-04	9.684396e-04
3.551322558668495e-03	1.154256e+01	-1.579916e-03	4.669110e-04	9.684234e-04
3.556205371168495e-03	1.154260e+01	-1.723904e-03	5.093392e-04	9.684072e-04
3.561088183668495e-03	1.154265e+01	-1.866267e-03	5.511121e-04	9.683914e-04
3.565970996168495e-03	1.154269e+01	-2.006878e-03	5.925453e-04	9.683756e-04
3.570853808668495e-03	1.154273e+01	-2.145599e-03	6.332449e-04	9.683601e-04
3.575736621168495e-03	1.154277e+01	-2.282306e-03	6.735275e-04	9.683448e-04
3.580619433668495e-03	1.154281e+01	-2.416862e-03	7.130002e-04	9.683298e-04
3.585502246168494e-03	1.154285e+01	-2.549150e-03	7.519812e-04	9.683150e-04
3.590385058668494e-03	1.154288e+01	-2.679036e-03	7.900781e-04	9.683005e-04
3.595267871168494e-03	1.154292e+01	-2.806405e-03	8.276107e-04	9.682862e-04
3.600150683668494e-03	1.154296e+01	-2.931132e-03	8.641884e-04	9.682723e-04
3.605033496168494e-03	1.154300e+01	-3.053104e-03	9.001317e-04	9.682587e-04
3.609916308668494e-03	1.154303e+01	-3.172202e-03	9.350519e-04	9.682454e-04
3.614799121168494e-03	1.154306e+01	-3.288319e-03	9.692712e-04	9.682323e-04
3.619681933668494e-03	1.154310e+01	-3.401339e-03	1.002402e-03	9.682198e-04
3.624564746168494e-03	1.154313e+01	-3.511163e-03	1.034769e-03	9.682075e-04
3.629447558668493e-03	1.154316e+01	-3.617680e-03	1.065985e-03	9.681956e-04
3.634330371168493e-03	1.154319e+01	-3.720798e-03	1.096378e-03	9.681840e-04
3.639213183668493e-03	1.154322e+01	-3.820411e-03	1.125562e-03	9.681730e-04
3.644095996168493e-03	1.154325e+01	-3.916435e-03	1.153867e-03	9.681622e-04
3.648978808668493e-03	1.154328e+01	-4.008770e-03	1.180909e-03	9.681519e-04
3.653861621168493e-03	1.154330e+01	-4.097337e-03	1.207019e-03	9.681419e-04
3.658744433668493e-03	1.154333e+01	-4.182047e-03	1.231817e-03	9.681325e-04
3.663627246168493e-03	1.154335e+01	-4.262825e-03	1.255635e-03	9.681235e-04
3.668510058668493e-03	1.154337e+01	-4.339589e-03	1.278095e-03	9.681149e-04
3.673392871168493e-03	1.154340e+01	-4.412275e-03	1.299531e-03	9.681068e-04
3.678275683668492e-03	1.154342e+01	-4.480805e-03	1.319568e-03	9.680992e-04
3.683158496168492e-03	1.154343e+01	-4.545124e-03	1.338542e-03	9.680919e-04
3.688041308668492e-03	1.154345e+01	-4.605162e-03	1.356080e-03	9.680853e-04
3.692924121168492e-03	1.154347e+01	-4.660872e-03	1.372522e-03	9.680790e-04
3.697806933668492e-03	1.154348e+01	-4.712193e-03	1.387495e-03	9.680733e-04
3.702689746168492e-03	1.154350e+01	-4.759084e-03	1.401341e-03	9.680681e-04
3.707572558668492e-03	1.154351e+01	-4.801495e-03	1.413693e-03	9.680634e-04
3.712455371168492e-03	1.154352e+01	-4.839391e-03	1.424893e-03	9.680591e-04
3.717338183668492e-03	1.154353e+01	-4.872730e-03	1.434576e-03	9.680555e-04
3.722220996168491e-03	1.154354e+01	-4.901489e-03	1.443088e-03	9.680522e-04
3.727103808668491e-03	1.154355e+01	-4.925632e-03	1.450066e-03	9.680495e-04
3.731986621168491e-03	1.154355e+01	-4.945145e-03	1.455858e-03	9.680473e-04
3.736869433668491e-03	1.154356e+01	-4.960002e-03	1.460104e-03	9.680457e-04
3.741752246168491e-03	1.154356e+01	-4.970196e-03	1.463154e-03	9.680446e-04
3.746635058668491e-03	1.154356e+01	-4.975710e-03	1.464652e-03	9.680440e-04
3.751517871168491e-03	1.154356e+01	-4.976545e-03	1.464950e-03	9.680439e-04
3.756400683668491e-03	1.154356e+01	-4.972696e-03	1.463693e-03	9.680443e-04
3.761283496168491e-03	1.154356e+01	-4.964171e-03	1.461238e-03	9.680453e-04
3.766166308668491e-03	1.154355e+01	-4.950972e-03	1.457232e-03	9.680468e-04
3.771049121168490e-03	1.154355e+01	-4.933119e-03	1.452033e-03	9.680488e-04
3.775931933668490e-03	1.154354e+01	-4.910620e-03	1.445291e-03	9.680513e-04
3.780814746168490e-03	1.154353e+01	-4.883505e-03	1.437368e-03	9.680543e-04
3.785697558668490e-03	1.154352e+01	-4.851792e-03	1.427917e-03	9.680579e-04
3.790580371168490e-03	1.154351e+01	-4.815518e-03	1.417300e-03	9.680619e-04
3.795463183668490e-03	1.154350e+01	-4.774710e-03	1.405174e-03	9.680665e-04
3.800345996168490e-03	1.154349e+01	-4.729413e-03	1.391904e-03	9.680716e-04
3.805228808668490e-03	1.154347e+01	-4.679663e-03	1.377148e-03	9.680772e-04
3.810111621168490e-03	1.154346e+01	-4.625513e-03	1.361275e-03	9.680832e-04
3.814994433668490e-03	1.154344e+01	-4.567008e-03	1.343945e-03	9.680898e-04
3.819877246168489e-03	1.154342e+01	-4.504210e-03	1.325530e-03	9.680968e-04
3.824760058668489e-03	1.154340e+01	-4.437171e-03	1.305690e-03	9.681043e-04
3.829642871168489e-03	1.154338e+01	-4.365961e-03	1.284801e-03	9.681123e-04
3.834525683668489e-03	1.154336e+01	-4.290639e-03	1.262526e-03	9.681207e-04
3.839408496168489e-03	1.154333e+01	-4.211285e-03	1.239242e-03	9.681295e-04
3.844291308668489e-03	1.154331e+01	-4.127965e-03	1.214616e-03	9.681389e-04
3.849174121168489e-03	1.154328e+01	-4.040766e-03	1.189026e-03	9.681486e-04
3.854056933668489e-03	1.154326e+01	-3.949760e-03	1.162141e-03	9.681589e-04
3.858939746168489e-03	1.154323e+01	-3.855044e-03	1.134341e-03	9.681694e-04
3.863822558668488e-03	1.154320e+01	-3.756696e-03	1.105298e-03	9.681805e-04
3.868705371168488e-03	1.154317e+01	-3.654818e-03	1.075393e-03	9.681918e-04
3.873588183668488e-03	1.154314e+01	-3.549499e-03	1.044300e-03	9.682036e-04
3.878470996168488e-03	1.154311e+01	-3.440843e-03	1.012403e-03	9.682158e-04
3.883353808668488e-03	1.154308e+01	-3.328948e-03	9.793777e-04	9.682283e-04
3.888236621168488e-03	1.154304e+01	-3.213924e-03	9.456095e-04	9.682411e-04
3.893119433668488e-03	1.154301e+01	-3.095874e-03	9.107753e-04	9.682544e-04
3.898002246168488e-03	1.154297e+01	-2.974915e-03	8.752631e-04	9.682679e-04
3.902885058668488e-03	1.154293e+01	-2.851154e-03	8.387509e-04	9.682818e-04
3.907767871168488e-03	1.154290e+01	-2.724715e-03	8.016285e-04	9.682958e-04
3.912650683668487e-03	1.154286e+01	-2.595709e-03	7.635757e-04	9.683103e-04
3.917533496168487e-03	1.154282e+01	-2.464266e-03	7.249832e-04	9.683250e-04
3.922416308668487e-03	1.154278e+01	-2.330501e-03	6.855324e-04	9.683400e-04
3.927299121168487e-03	1.154274e+01	-2.194548e-03	6.456155e-04	9.683552e-04
3.932181933668487e-03	1.154270e+01	-2.056528e-03	6.049149e-04	9.683706e-04
3.937064746168487e-03	1.154266e+01	-1.916577e-03	5.638241e-04	9.683862e-04
3.941947558668487e-03	1.154262e+01	-1.774820e-03	5.220266e-04	9.684021e-04
3.946830371168487e-03	1.154258e+01	-1.631398e-03	4.799170e-04	9.684181e-04
3.951713183668487e-03	1.154253e+01	-1.486439e-03	4.371796e-04	9.684344e-04
3.956595996168486e-03	1.154249e+01	-1.340086e-03	3.942099e-04	9.684507e-04
3.961478808668486e-03	1.154245e+01	-1.192469e-03	3.506931e-04	9.684673e-04
3.966361621168486e-03	1.154240e+01	-1.043736e-03	3.070253e-04	9.684839e-04
3.971244433668486e-03	1.154236e+01	-8.940180e-04	2.628927e-04	9.685006e-04
3.976127246168486e-03	1.154231e+01	-7.434639e-04	2.186916e-04	9.685174e-04
3.981010058668486e-03	1.154227e+01	-5.922079e-04	1.741087e-04	9.685344e-04
3.985892871168486e-03	1.154223e+01	-4.403998e-04	1.295410e-04	9.685513e-04
3.990775683668486e-03	1.154218e+01	-2.881751e-04	8.467548e-05	9.685684e-04
3.995658496168486e-03	1.154214e+01	-1.356844e-04	3.990935e-05	9.685854e-04
4.000541308668486e-03	1.154209e+01	1.693609e-05	-5.070497e-06	9.686025e-04
4.005424121168485e-03	1.154205e+01	1.695354e-04	-4.986632e-05	9.686195e-04
4.010306933668485e-03	1.154200e+01	3.219773e-04	-9.479128e-05	9.686366e-04
4.015189746168485e-03	1.154196e+01	4.741109e-04	-1.394479e-04	9.686536e-04
4.020072558668485e-03	1.154191e+01	6.258003e-04	-1.841493e-04	9.686705e-04
4.024955371168485e-03	1.154187e+01	7.768956e-04	-2.284984e-04	9.686874e-04
4.029838183668485e-03	1.154182e+01	9.272618e-04	-2.728083e-04	9.687042e-04
4.034720996168485e-03	1.154178e+01	1.076750e-03	-3.166824e-04	9.687209e-04
4.039603808668485e-03	1.154174e+01	1.225227e-03	-3.604345e-04	9.687376e-04
4.044486621168485e-03	1.154169e+01	1.372546e-03	-4.036683e-04	9.687540e-04
4.049369433668485e-03	1.154165e+01	1.518574e-03	-4.466982e-04	9.687704e-04
4.054252246168484e-03	1.154161e+01	1.663169e-03	-4.891285e-04	9.687865e-04
4.059135058668484e-03	1.154156e+01	1.806200e-03	-5.312744e-04	9.688025e-04
4.064017871168484e-03	1.154152e+01	1.947526e-03	-5.727414e-04	9.688183e-04
4.068900683668484e-03	1.154148e+01	2.087021e-03	-6.138453e-04	9.688339e-04
4.073783496168484e-03	1.154144e+01	2.224547e-03	-6.541924e-04	9.688492e-04
4.078666308668484e-03	1.154140e+01	2.359981e-03	-6.940998e-04	9.688644e-04
4.083549121168484e-03	1.154136e+01	2.493189e-03	-7.331747e-04	9.688793e-04
4.088431933668484e-03	1.154132e+01	2.624053e-03	-7.717357e-04	9.688939e-04
4.093314746168484e-03	1.154129e+01	2.752441e-03	-8.093914e-04	9.689083e-04
4.098197558668483e-03	1.154125e+01	2.878241e-03	-8.464612e-04	9.689223e-04
4.103080371168483e-03	1.154121e+01	3.001327e-03	-8.825553e-04	9.689361e-04
4.107963183668483e-03	1.154118e+01	3.121590e-03	-9.179948e-04	9.689495e-04
4.112845996168483e-03	1.154114e+01	3.238911e-03	-9.523912e-04	9.689626e-04
4.117728808668483e-03	1.154111e+01	3.353185e-03	-9.860673e-04	9.689754e-04
4.122611621168483e-03	1.154108e+01	3.464298e-03	-1.018636e-03	9.689878e-04
4.127494433668483e-03	1.154105e+01	3.572152e-03	-1.050422e-03	9.689999e-04
4.132377246168483e-03	1.154101e+01	3.676639e-03	-1.081041e-03	9.690115e-04
4.137260058668483e-03	1.154099e+01	3.777668e-03	-1.110818e-03	9.690229e-04
4.142142871168483e-03	1.154096e+01	3.875137e-03	-1.139371e-03	9.690337e-04
4.147025683668482e-03	1.154093e+01	3.968960e-03	-1.167027e-03	9.690442e-04
4.151908496168482e-03	1.154090e+01	4.059043e-03	-1.193406e-03	9.690542e-04
4.156791308668482e-03	1.154088e+01	4.145307e-03	-1.218838e-03	9.690639e-04
4.161674121168482e-03	1.154085e+01	4.227665e-03	-1.242943e-03	9.690731e-04
4.166556933668482e-03	1.154083e+01	4.306046e-03	-1.266055e-03	9.690819e-04
4.171439746168482e-03	1.154081e+01	4.380369e-03	-1.287796e-03	9.690901e-04
4.176322558668482e-03	1.154079e+01	4.450572e-03	-1.308501e-03	9.690980e-04
4.181205371168482e-03	1.154077e+01	4.516580e-03	-1.327796e-03	9.691053e-04
4.186088183668482e-03	1.154075e+01	4.578340e-03	-1.346017e-03	9.691123e-04
4.190970996168481e-03	1.154073e+01	4.635786e-03	-1.362792e-03	9.691187e-04
4.195853808668481e-03	1.154072e+01	4.688871e-03	-1.378460e-03	9.691246e-04
4.200736621168481e-03	1.154070e+01	4.737537e-03	-1.392652e-03	9.691300e-04
4.205619433668481e-03	1.154069e+01	4.781747e-03	-1.405710e-03	9.691350e-04
4.210502246168481e-03	1.154068e+01	4.821451e-03	-1.417265e-03	9.691394e-04
4.215385058668481e-03	1.154067e+01	4.856620e-03	-1.427662e-03	9.691434e-04
4.220267871168481e-03	1.154066e+01	4.887212e-03	-1.436537e-03	9.691467e-04
4.225150683668481e-03	1.154065e+01	4.913207e-03	-1.444236e-03	9.691496e-04
4.230033496168481e-03	1.154065e+01	4.934572e-03	-1.450396e-03	9.691520e-04
4.234916308668481e-03	1.154064e+01	4.951295e-03	-1.455367e-03	9.691539e-04
4.239799121168480e-03	1.154064e+01	4.963354e-03	-1.458790e-03	9.691552e-04
4.244681933668480e-03	1.154063e+01	4.970742e-03	-1.461016e-03	9.691560e-04
4.249564746168480e-03	1.154063e+01	4.973448e-03	-1.461687e-03	9.691563e-04
4.254447558668480e-03	1.154063e+01	4.971474e-03	-1.461159e-03	9.691561e-04
4.259330371168480e-03	1.154064e+01	4.964817e-03	-1.459077e-03	9.691553e-04
4.264213183668480e-03	1.154064e+01	4.953488e-03	-1.455797e-03	9.691541e-04
4.269095996168480e-03	1.154064e+01	4.937493e-03	-1.450968e-03	9.691523e-04
4.273978808668480e-03	1.154065e+01	4.916852e-03	-1.444950e-03	9.691500e-04
4.278861621168480e-03	1.154066e+01	4.891580e-03	-1.437393e-03	9.691471e-04
4.283744433668480e-03	1.154067e+01	4.861705e-03	-1.428659e-03	9.691438e-04
4.288627246168479e-03	1.154068e+01	4.827249e-03	-1.418401e-03	9.691399e-04
4.293510058668479e-03	1.154069e+01	4.788252e-03	-1.406984e-03	9.691356e-04
4.298392871168479e-03	1.154070e+01	4.744743e-03	-1.394064e-03	9.691307e-04
4.303275683668479e-03	1.154072e+01	4.696771e-03	-1.380008e-03	9.691253e-04
4.308158496168479e-03	1.154073e+01	4.644373e-03	-1.364475e-03	9.691194e-04
4.313041308668479e-03	1.154075e+01	4.587607e-03	-1.347833e-03	9.691131e-04
4.317924121168479e-03	1.154077e+01	4.526516e-03	-1.329743e-03	9.691062e-04
4.322806933668479e-03	1.154078e+01	4.461169e-03	-1.310578e-03	9.690989e-04
4.327689746168479e-03	1.154080e+01	4.391617e-03	-1.290000e-03	9.690911e-04
4.332572558668478e-03	1.154083e+01	4.317934e-03	-1.268385e-03	9.690829e-04
4.337455371168478e-03	1.154085e+01	4.240182e-03	-1.245396e-03	9.690741e-04
4.342338183668478e-03	1.154087e+01	4.158441e-03	-1.221412e-03	9.690651e-04
4.347220996168478e-03	1.154090e+01	4.072782e-03	-1.196099e-03	9.690555e-04
4.352103808668478e-03	1.154093e+01	3.983291e-03	-1.169836e-03	9.690454e-04
4.356986621168478e-03	1.154095e+01	3.890046e-03	-1.142293e-03	9.690350e-04
4.361869433668478e-03	1.154098e+01	3.793142e-03	-1.113851e-03	9.690242e-04
4.366752246168478e-03	1.154101e+01	3.692663e-03	-1.084181e-03	9.690129e-04
4.371635058668478e-03	1.154104e+01	3.588710e-03	-1.053667e-03	9.690013e-04
4.376517871168478e-03	1.154107e+01	3.481375e-03	-1.021983e-03	9.689893e-04
4.381400683668477e-03	1.154111e+01	3.370766e-03	-9.895127e-04	9.689769e-04
4.386283496168477e-03	1.154114e+01	3.256978e-03	-9.559321e-04	9.689642e-04
4.391166308668477e-03	1.154117e+01	3.140128e-03	-9.216276e-04	9.689511e-04
4.396049121168477e-03	1.154121e+01	3.020316e-03	-8.862768e-04	9.689377e-04
4.400931933668477e-03	1.154124e+01	2.897665e-03	-8.502679e-04	9.689240e-04
4.405814746168477e-03	1.154128e+01	2.772280e-03	-8.132796e-04	9.689099e-04
4.410697558668477e-03	1.154132e+01	2.644289e-03	-7.757018e-04	9.688957e-04
4.415580371168477e-03	1.154136e+01	2.513804e-03	-7.372150e-04	9.688811e-04
4.420463183668477e-03	1.154140e+01	2.380955e-03	-6.982103e-04	9.688662e-04
4.425345996168477e-03	1.154144e+01	2.245860e-03	-6.583695e-04	9.688511e-04
4.430228808668476e-03	1.154148e+01	2.108654e-03	-6.180851e-04	9.688358e-04
4.435111621168476e-03	1.154152e+01	1.969457e-03	-5.770398e-04	9.688202e-04
4.439994433668476e-03	1.154156e+01	1.828409e-03	-5.356274e-04	9.688044e-04
4.444877246168476e-03	1.154160e+01	1.685635e-03	-4.935319e-04	9.687884e-04
4.449760058668476e-03	1.154164e+01	1.541276e-03	-4.511479e-04	9.687723e-04
4.454642871168476e-03	1.154169e+01	1.395462e-03	-4.081602e-04	9.687560e-04
4.459525683668476e-03	1.154173e+01	1.248337e-03	-3.649643e-04	9.687396e-04
4.464408496168476e-03	1.154177e+01	1.100031e-03	-3.212459e-04	9.687229e-04
4.469291308668476e-03	1.154182e+01	9.506924e-04	-2.774012e-04	9.687063e-04
4.474174121168475e-03	1.154186e+01	8.004536e-04	-2.331163e-04	9.686894e-04
4.479056933668475e-03	1.154191e+01	6.494635e-04	-1.887880e-04	9.686726e-04
4.483939746168475e-03	1.154195e+01	4.978570e-04	-1.441029e-04	9.686556e-04
4.488822558668475e-03	1.154200e+01	3.457840e-04	-9.945819e-05	9.686386e-04
4.493705371168475e-03	1.154204e+01	1.933803e-04	-5.454081e-05	9.686216e-04
4.498588183668475e-03	1.154209e+01	4.079676e-05	-9.748186e-06	9.686045e-04
4.503470996168475e-03	1.154213e+01	-1.118304e-04	3.523281e-05	9.685875e-04
4.508353808668475e-03	1.154218e+01	-2.643503e-04	8.000460e-05	9.685704e-04
4.513236621168475e-03	1.154222e+01	-4.166265e-04	1.248801e-04	9.685534e-04
4.518119433668475e-03	1.154226e+01	-5.685086e-04	1.694621e-04	9.685364e-04
4.523002246168474e-03	1.154231e+01	-7.198608e-04	2.140637e-04	9.685195e-04
4.527885058668474e-03	1.154235e+01	-8.705334e-04	2.582878e-04	9.685027e-04
4.532767871168474e-03	1.154240e+01	-1.020392e-03	3.024479e-04	9.684859e-04
4.537650683668474e-03	1.154244e+01	-1.169288e-03	3.461474e-04	9.684692e-04
4.542533496168474e-03	1.154248e+01	-1.317089e-03	3.897002e-04	9.684527e-04
4.547416308668474e-03	1.154253e+01	-1.463648e-03	4.327102e-04	9.684364e-04
4.552299121168474e-03	1.154257e+01	-1.608835e-03	4.754919e-04	9.684201e-04
4.557181933668474e-03	1.154261e+01	-1.752505e-03	5.176503e-04	9.684041e-04
4.562064746168474e-03	1.154265e+01	-1.894532e-03	5.595004e-04	9.683882e-04
4.566947558668473e-03	1.154270e+01	-2.034773e-03	6.006479e-04	9.683725e-04
4.571830371168473e-03	1.154274e+01	-2.173104e-03	6.414092e-04	9.683570e-04
4.576713183668473e-03	1.154278e+01	-2.309388e-03	6.813909e-04	9.683418e-04
4.581595996168473e-03	1.154282e+01	-2.443504e-03	7.209103e-04	9.683268e-04
4.586478808668473e-03	1.154285e+01	-2.575318e-03	7.595751e-04	9.683121e-04
4.591361621168473e-03	1.154289e+01	-2.704713e-03	7.977042e-04	9.682976e-04
4.596244433668473e-03	1.154293e+01	-2.831560e-03	8.349065e-04	9.682834e-04
4.601127246168473e-03	1.154297e+01	-2.955748e-03	8.715021e-04	9.682695e-04
4.606010058668473e-03	1.154300e+01	-3.077152e-03	9.071014e-04	9.682560e-04
4.610892871168473e-03	1.154304e+01	-3.195665e-03	9.420260e-04	9.682427e-04
4.615775683668472e-03	1.154307e+01	-3.311169e-03	9.758882e-04	9.682298e-04
4.620658496168472e-03	1.154310e+01	-3.423561e-03	1.009011e-03	9.682173e-04
4.625541308668472e-03	1.154314e+01	-3.532729e-03	1.041008e-03	9.682051e-04
4.630424121168472e-03	1.154317e+01	-3.638577e-03	1.072204e-03	9.681932e-04
4.635306933668472e-03	1.154320e+01	-3.740998e-03	1.102215e-03	9.681818e-04
4.640189746168472e-03	1.154323e+01	-3.839904e-03	1.131368e-03	9.681708e-04
4.645072558668472e-03	1.154325e+01	-3.935195e-03	1.159280e-03	9.681601e-04
4.649955371168472e-03	1.154328e+01	-4.026786e-03	1.186280e-03	9.681499e-04
4.654838183668472e-03	1.154331e+01	-4.114585e-03	1.211987e-03	9.681401e-04
4.659720996168472e-03	1.154333e+01	-4.198518e-03	1.236733e-03	9.681307e-04
4.664603808668471e-03	1.154335e+01	-4.278496e-03	1.260139e-03	9.681217e-04
4.669486621168471e-03	1.154338e+01	-4.354453e-03	1.282538e-03	9.681133e-04
4.674369433668471e-03	1.154340e+01	-4.426310e-03	1.303554e-03	9.681053e-04
4.679252246168471e-03	1.154342e+01	-4.494006e-03	1.323522e-03	9.680977e-04
4.684135058668471e-03	1.154344e+01	-4.557470e-03	1.342068e-03	9.680906e-04
4.689017871168471e-03	1.154346e+01	-4.616651e-03	1.359530e-03	9.680840e-04
4.693900683668471e-03	1.154347e+01	-4.671484e-03	1.375537e-03	9.680779e-04
4.698783496168471e-03	1.154349e+01	-4.721925e-03	1.390428e-03	9.680722e-04
4.703666308668471e-03	1.154350e+01	-4.767921e-03	1.403834e-03	9.680672e-04
4.708549121168470e-03	1.154351e+01	-4.809434e-03	1.416099e-03	9.680624e-04
4.713431933668470e-03	1.154352e+01	-4.846419e-03	1.426854e-03	9.680584e-04
4.718314746168470e-03	1.154353e+01	-4.878847e-03	1.436446e-03	9.680547e-04
4.723197558668470e-03	1.154354e+01	-4.906682e-03	1.444509e-03	9.680517e-04
4.728080371168470e-03	1.154355e+01	-4.929904e-03	1.451392e-03	9.680490e-04
4.732963183668470e-03	1.154355e+01	-4.948484e-03	1.456733e-03	9.680470e-04
4.737845996168470e-03	1.154356e+01	-4.962412e-03	1.460882e-03	9.680454e-04
4.742728808668470e-03	1.154356e+01	-4.971668e-03	1.463481e-03	9.680444e-04
4.747611621168470e-03	1.154356e+01	-4.976249e-03	1.464881e-03	9.680439e-04
4.752494433668470e-03	1.154356e+01	-4.976145e-03	1.464726e-03	9.680439e-04
4.757377246168469e-03	1.154356e+01	-4.971363e-03	1.463371e-03	9.680444e-04
4.762260058668469e-03	1.154356e+01	-4.961899e-03	1.460463e-03	9.680456e-04
4.767142871168469e-03	1.154355e+01	-4.947771e-03	1.456360e-03	9.680471e-04
4.772025683668469e-03	1.154355e+01	-4.928985e-03	1.450710e-03	9.680492e-04
4.776908496168469e-03	1.154354e+01	-4.905564e-03	1.443874e-03	9.680518e-04
4.781791308668469e-03	1.154353e+01	-4.877524e-03	1.435503e-03	9.680550e-04
4.786674121168469e-03	1.154352e+01	-4.844900e-03	1.425960e-03	9.680587e-04
4.791556933668469e-03	1.154351e+01	-4.807713e-03	1.414898e-03	9.680628e-04
4.796439746168469e-03	1.154350e+01	-4.766006e-03	1.402684e-03	9.680675e-04
4.801322558668468e-03	1.154348e+01	-4.719812e-03	1.388974e-03	9.680727e-04
4.806205371168468e-03	1.154347e+01	-4.669181e-03	1.374136e-03	9.680783e-04
4.811088183668468e-03	1.154345e+01	-4.614153e-03	1.357828e-03	9.680845e-04
4.815970996168468e-03	1.154344e+01	-4.554789e-03	1.340422e-03	9.680911e-04
4.820853808668468e-03	1.154342e+01	-4.491135e-03	1.321578e-03	9.680983e-04
4.825736621168468e-03	1.154340e+01	-4.423259e-03	1.301669e-03	9.681059e-04
4.830619433668468e-03	1.154338e+01	-4.351218e-03	1.280359e-03	9.681139e-04
4.835502246168468e-03	1.154335e+01	-4.275087e-03	1.258023e-03	9.681224e-04
4.840385058668468e-03	1.154333e+01	-4.194931e-03	1.234327e-03	9.681315e-04
4.845267871168468e-03	1.154331e+01	-4.110831e-03	1.209648e-03	9.681408e-04
4.850150683668467e-03	1.154328e+01	-4.022861e-03	1.183655e-03	9.681507e-04
4.855033496168467e-03	1.154325e+01	-3.931109e-03	1.156727e-03	9.681609e-04
4.859916308668467e-03	1.154322e+01	-3.835656e-03	1.128534e-03	9.681716e-04
4.864799121168467e-03	1.154320e+01	-3.736598e-03	1.099458e-03	9.681827e-04
4.869681933668467e-03	1.154317e+01	-3.634021e-03	1.069171e-03	9.681942e-04
4.874564746168467e-03	1.154313e+01	-3.528029e-03	1.038057e-03	9.682060e-04
4.879447558668467e-03	1.154310e+01	-3.418715e-03	1.005790e-03	9.682183e-04
4.884330371168467e-03	1.154307e+01	-3.306188e-03	9.727558e-04	9.682308e-04
4.889213183668467e-03	1.154303e+01	-3.190547e-03	9.386297e-04	9.682438e-04
4.894095996168467e-03	1.154300e+01	-3.071909e-03	9.037994e-04	9.682570e-04
4.898978808668466e-03	1.154296e+01	-2.950378e-03	8.679423e-04	9.682706e-04
4.903861621168466e-03	1.154293e+01	-2.826075e-03	8.314474e-04	9.682846e-04
4.908744433668466e-03	1.154289e+01	-2.699110e-03	7.939941e-04	9.682988e-04
4.913627246168466e-03	1.154285e+01	-2.569610e-03	7.559725e-04	9.683133e-04
4.918510058668466e-03	1.154281e+01	-2.437689e-03	7.170633e-04	9.683280e-04
4.923392871168466e-03	1.154277e+01	-2.303480e-03	6.776582e-04	9.683430e-04
4.928275683668466e-03	1.154273e+01	-2.167100e-03	6.374397e-04	9.683582e-04
4.933158496168466e-03	1.154269e+01	-2.028686e-03	5.968000e-04	9.683737e-04
4.938041308668466e-03	1.154265e+01	-1.888360e-03	5.554227e-04	9.683894e-04
4.942924121168465e-03	1.154261e+01	-1.746263e-03	5.137017e-04	9.684053e-04
4.947806933668465e-03	1.154257e+01	-1.602520e-03	4.713213e-04	9.684214e-04
4.952689746168465e-03	1.154252e+01	-1.457274e-03	4.286761e-04	9.684376e-04
4.957572558668465e-03	1.154248e+01	-1.310654e-03	3.854517e-04	9.684541e-04
4.962455371168465e-03	1.154244e+01	-1.162806e-03	3.420436e-04	9.684705e-04
4.967338183668465e-03	1.154239e+01	-1.013861e-03	2.981375e-04	9.684872e-04
4.972220996168465e-03	1.154235e+01	-8.639678e-04	2.541298e-04	9.685039e-04
4.977103808668465e-03	1.154231e+01	-7.132590e-04	2.097071e-04	9.685208e-04
4.981986621168465e-03	1.154226e+01	-5.618841e-04	1.652658e-04	9.685378e-04
4.986869433668465e-03	1.154222e+01	-4.099783e-04	1.204932e-04	9.685548e-04
4.991752246168464e-03	1.154217e+01	-2.576919e-04	7.578619e-05	9.685718e-04
4.996635058668464e-03	1.154213e+01	-1.051608e-04	3.083194e-05	9.685889e-04
5.000000000000000e-03	1.154210e+01	1.670917e-08	-1.668688e-08	9.686006e-04
