time	V(vds)	V(vgs)	V(vo)	Id(M1)
0.000000000000000e+00	1.405439e+01	0.000000e+00	6.605565e-12	1.117737e-03
4.882812557061023e-11	1.405439e+01	8.911691e-10	-3.449927e-07	1.117737e-03
9.765625114122045e-11	1.405439e+01	2.973443e-09	-3.700337e-07	1.117737e-03
1.953125022824409e-10	1.405439e+01	6.174348e-09	-3.465203e-07	1.117737e-03
3.906250045648818e-10	1.405439e+01	1.238483e-08	-1.959683e-08	1.117737e-03
7.812500091297636e-10	1.405439e+01	2.407733e-08	-2.913369e-07	1.117737e-03
1.562500018259527e-09	1.405439e+01	4.918041e-08	-9.320514e-08	1.117737e-03
3.125000036519054e-09	1.405439e+01	9.730870e-08	-1.286474e-08	1.117737e-03
6.250000073038109e-09	1.405439e+01	1.956993e-07	-2.238178e-08	1.117737e-03
1.250000014607622e-08	1.405439e+01	3.903684e-07	-3.547417e-08	1.117737e-03
2.500000029215244e-08	1.405439e+01	7.818167e-07	-8.499973e-08	1.117737e-03
5.000000058430487e-08	1.405439e+01	1.562605e-06	-1.629932e-07	1.117737e-03
1.000000011686097e-07	1.405439e+01	3.126288e-06	-3.258276e-07	1.117737e-03
2.000000023372195e-07	1.405439e+01	6.251546e-06	-6.358979e-07	1.117737e-03
4.000000046744390e-07	1.405439e+01	1.250416e-05	-1.290346e-06	1.117738e-03
8.000000093488779e-07	1.405439e+01	2.500720e-05	-2.564283e-06	1.117740e-03
1.600000018697756e-06	1.405439e+01	5.001481e-05	-5.144871e-06	1.117743e-03
3.200000037395512e-06	1.405438e+01	1.000234e-04	-1.027318e-05	1.117750e-03
6.400000074791024e-06	1.405437e+01	2.000067e-04	-2.055779e-05	1.117763e-03
1.128281257479102e-05	1.405436e+01	3.523966e-04	-3.620602e-05	1.117783e-03
1.616562507479103e-05	1.405434e+01	5.044547e-04	-5.184069e-05	1.117803e-03
2.104843757479103e-05	1.405433e+01	6.560350e-04	-6.740464e-05	1.117823e-03
2.593125007479103e-05	1.405431e+01	8.069977e-04	-8.292565e-05	1.117843e-03
3.081406257479102e-05	1.405430e+01	9.571979e-04	-9.834673e-05	1.117863e-03
3.569687507479102e-05	1.405428e+01	1.106497e-03	-1.136957e-04	1.117882e-03
4.057968757479102e-05	1.405427e+01	1.254752e-03	-1.289157e-04	1.117902e-03
4.546250007479102e-05	1.405425e+01	1.401825e-03	-1.440350e-04	1.117921e-03
5.034531257479102e-05	1.405424e+01	1.547577e-03	-1.589967e-04	1.117941e-03
5.522812507479101e-05	1.405422e+01	1.691871e-03	-1.738293e-04	1.117960e-03
6.011093757479101e-05	1.405421e+01	1.834571e-03	-1.884763e-04	1.117978e-03
6.499375007479101e-05	1.405419e+01	1.975543e-03	-2.029666e-04	1.117997e-03
6.987656257479101e-05	1.405418e+01	2.114654e-03	-2.172438e-04	1.118015e-03
7.475937507479102e-05	1.405416e+01	2.251773e-03	-2.313372e-04	1.118033e-03
7.964218757479102e-05	1.405415e+01	2.386771e-03	-2.451908e-04	1.118051e-03
8.452500007479103e-05	1.405414e+01	2.519522e-03	-2.588342e-04	1.118069e-03
8.940781257479103e-05	1.405412e+01	2.649899e-03	-2.722122e-04	1.118086e-03
9.429062507479103e-05	1.405411e+01	2.777781e-03	-2.853544e-04	1.118103e-03
9.917343757479104e-05	1.405410e+01	2.903047e-03	-2.982062e-04	1.118119e-03
1.040562500747910e-04	1.405408e+01	3.025579e-03	-3.107978e-04	1.118135e-03
1.089390625747910e-04	1.405407e+01	3.145262e-03	-3.230750e-04	1.118151e-03
1.138218750747911e-04	1.405406e+01	3.261984e-03	-3.350688e-04	1.118166e-03
1.187046875747911e-04	1.405405e+01	3.375632e-03	-3.467252e-04	1.118181e-03
1.235875000747910e-04	1.405404e+01	3.486104e-03	-3.580758e-04	1.118196e-03
1.284703125747911e-04	1.405403e+01	3.593292e-03	-3.690675e-04	1.118210e-03
1.333531250747911e-04	1.405402e+01	3.697098e-03	-3.797325e-04	1.118224e-03
1.382359375747911e-04	1.405400e+01	3.797421e-03	-3.900182e-04	1.118237e-03
1.431187500747911e-04	1.405400e+01	3.894170e-03	-3.999574e-04	1.118249e-03
1.480015625747911e-04	1.405399e+01	3.987250e-03	-4.094981e-04	1.118262e-03
1.528843750747911e-04	1.405398e+01	4.076578e-03	-4.186741e-04	1.118273e-03
1.577671875747911e-04	1.405397e+01	4.162067e-03	-4.274342e-04	1.118285e-03
1.626500000747911e-04	1.405396e+01	4.243637e-03	-4.358125e-04	1.118295e-03
1.675328125747911e-04	1.405395e+01	4.321211e-03	-4.437587e-04	1.118306e-03
1.724156250747911e-04	1.405394e+01	4.394718e-03	-4.513079e-04	1.118315e-03
1.772984375747911e-04	1.405394e+01	4.464086e-03	-4.584104e-04	1.118324e-03
1.821812500747911e-04	1.405393e+01	4.529252e-03	-4.651022e-04	1.118333e-03
1.870640625747911e-04	1.405392e+01	4.590153e-03	-4.713342e-04	1.118341e-03
1.919468750747911e-04	1.405392e+01	4.646733e-03	-4.771433e-04	1.118349e-03
1.968296875747911e-04	1.405391e+01	4.698936e-03	-4.824814e-04	1.118355e-03
2.017125000747911e-04	1.405391e+01	4.746718e-03	-4.873860e-04	1.118362e-03
2.065953125747911e-04	1.405390e+01	4.790029e-03	-4.918099e-04	1.118367e-03
2.114781250747911e-04	1.405390e+01	4.828831e-03	-4.957917e-04	1.118372e-03
2.163609375747911e-04	1.405389e+01	4.863085e-03	-4.992849e-04	1.118377e-03
2.212437500747911e-04	1.405389e+01	4.892763e-03	-5.023288e-04	1.118381e-03
2.261265625747911e-04	1.405389e+01	4.917833e-03	-5.048781e-04	1.118384e-03
2.310093750747911e-04	1.405389e+01	4.938273e-03	-5.069728e-04	1.118387e-03
2.358921875747911e-04	1.405389e+01	4.954063e-03	-5.085684e-04	1.118389e-03
2.407750000747912e-04	1.405388e+01	4.965191e-03	-5.097060e-04	1.118390e-03
2.456578125747911e-04	1.405388e+01	4.971643e-03	-5.103421e-04	1.118391e-03
2.505406250747911e-04	1.405388e+01	4.973414e-03	-5.105183e-04	1.118391e-03
2.554234375747911e-04	1.405388e+01	4.970503e-03	-5.101922e-04	1.118391e-03
2.603062500747911e-04	1.405389e+01	4.962913e-03	-5.094067e-04	1.118390e-03
2.651890625747911e-04	1.405389e+01	4.950649e-03	-5.081197e-04	1.118388e-03
2.700718750747911e-04	1.405389e+01	4.933726e-03	-5.063752e-04	1.118386e-03
2.749546875747912e-04	1.405389e+01	4.912156e-03	-5.041322e-04	1.118383e-03
2.798375000747912e-04	1.405389e+01	4.885963e-03	-5.014353e-04	1.118380e-03
2.847203125747912e-04	1.405390e+01	4.855168e-03	-4.982445e-04	1.118376e-03
2.896031250747912e-04	1.405390e+01	4.819804e-03	-4.946055e-04	1.118371e-03
2.944859375747912e-04	1.405390e+01	4.779900e-03	-4.904791e-04	1.118366e-03
2.993687500747912e-04	1.405391e+01	4.735498e-03	-4.859116e-04	1.118360e-03
3.042515625747912e-04	1.405391e+01	4.686636e-03	-4.808650e-04	1.118353e-03
3.091343750747912e-04	1.405392e+01	4.633362e-03	-4.753863e-04	1.118346e-03
3.140171875747912e-04	1.405393e+01	4.575726e-03	-4.694384e-04	1.118339e-03
3.189000000747912e-04	1.405393e+01	4.513782e-03	-4.630692e-04	1.118331e-03
3.237828125747912e-04	1.405394e+01	4.447587e-03	-4.562423e-04	1.118322e-03
3.286656250747912e-04	1.405395e+01	4.377206e-03	-4.490067e-04	1.118313e-03
3.335484375747912e-04	1.405395e+01	4.302702e-03	-4.413265e-04	1.118303e-03
3.384312500747912e-04	1.405396e+01	4.224149e-03	-4.332516e-04	1.118292e-03
3.433140625747912e-04	1.405397e+01	4.141617e-03	-4.247469e-04	1.118282e-03
3.481968750747912e-04	1.405398e+01	4.055187e-03	-4.158631e-04	1.118270e-03
3.530796875747912e-04	1.405399e+01	3.964937e-03	-4.065661e-04	1.118258e-03
3.579625000747912e-04	1.405400e+01	3.870956e-03	-3.969070e-04	1.118246e-03
3.628453125747912e-04	1.405401e+01	3.773328e-03	-3.868523e-04	1.118233e-03
3.677281250747912e-04	1.405402e+01	3.672149e-03	-3.764542e-04	1.118220e-03
3.726109375747912e-04	1.405403e+01	3.567511e-03	-3.656798e-04	1.118206e-03
3.774937500747912e-04	1.405404e+01	3.459514e-03	-3.545819e-04	1.118192e-03
3.823765625747912e-04	1.405405e+01	3.348259e-03	-3.431283e-04	1.118177e-03
3.872593750747913e-04	1.405406e+01	3.233853e-03	-3.313724e-04	1.118162e-03
3.921421875747913e-04	1.405408e+01	3.116400e-03	-3.192826e-04	1.118146e-03
3.970250000747913e-04	1.405409e+01	2.996014e-03	-3.069129e-04	1.118131e-03
4.019078125747913e-04	1.405410e+01	2.872805e-03	-2.942324e-04	1.118114e-03
4.067906250747913e-04	1.405411e+01	2.746892e-03	-2.812955e-04	1.118098e-03
4.116734375747913e-04	1.405413e+01	2.618391e-03	-2.680720e-04	1.118081e-03
4.165562500747913e-04	1.405414e+01	2.487425e-03	-2.546168e-04	1.118063e-03
4.214390625747913e-04	1.405415e+01	2.354115e-03	-2.408999e-04	1.118046e-03
4.263218750747913e-04	1.405417e+01	2.218590e-03	-2.269769e-04	1.118028e-03
4.312046875747913e-04	1.405418e+01	2.080973e-03	-2.128183e-04	1.118010e-03
4.360875000747913e-04	1.405420e+01	1.941398e-03	-1.984800e-04	1.117992e-03
4.409703125747913e-04	1.405421e+01	1.799993e-03	-1.839329e-04	1.117973e-03
4.458531250747913e-04	1.405422e+01	1.656893e-03	-1.692332e-04	1.117954e-03
4.507359375747913e-04	1.405424e+01	1.512231e-03	-1.543523e-04	1.117935e-03
4.556187500747913e-04	1.405426e+01	1.366145e-03	-1.393468e-04	1.117916e-03
4.605015625747913e-04	1.405427e+01	1.218771e-03	-1.241880e-04	1.117896e-03
4.653843750747913e-04	1.405429e+01	1.070250e-03	-1.089330e-04	1.117877e-03
4.702671875747913e-04	1.405430e+01	9.207178e-04	-9.355343e-05	1.117857e-03
4.751500000747913e-04	1.405432e+01	7.703193e-04	-7.810642e-05	1.117837e-03
4.800328125747913e-04	1.405433e+01	6.191929e-04	-6.256393e-05	1.117817e-03
4.849156250747913e-04	1.405435e+01	4.674835e-04	-4.698310e-05	1.117797e-03
4.897984375747913e-04	1.405436e+01	3.153312e-04	-3.133602e-05	1.117777e-03
4.946812500747913e-04	1.405438e+01	1.628818e-04	-1.568004e-05	1.117757e-03
4.995640625747914e-04	1.405439e+01	1.027627e-05	1.267513e-08	1.117737e-03
5.044468750747914e-04	1.405441e+01	-1.423391e-04	1.568485e-05	1.117717e-03
5.093296875747914e-04	1.405443e+01	-2.948236e-04	3.136414e-05	1.117697e-03
5.142125000747914e-04	1.405444e+01	-4.470307e-04	4.699348e-05	1.117677e-03
5.190953125747914e-04	1.405446e+01	-5.988201e-04	6.260053e-05	1.117657e-03
5.239781250747914e-04	1.405447e+01	-7.500460e-04	7.812807e-05	1.117637e-03
5.288609375747914e-04	1.405449e+01	-9.005691e-04	9.360408e-05	1.117617e-03
5.337437500747914e-04	1.405450e+01	-1.050245e-03	1.089714e-04	1.117597e-03
5.386265625747914e-04	1.405452e+01	-1.198935e-03	1.242582e-04	1.117578e-03
5.435093750747914e-04	1.405453e+01	-1.346497e-03	1.394075e-04	1.117558e-03
5.483921875747914e-04	1.405455e+01	-1.492794e-03	1.544475e-04	1.117539e-03
5.532750000747914e-04	1.405456e+01	-1.637687e-03	1.693216e-04	1.117520e-03
5.581578125747914e-04	1.405458e+01	-1.781042e-03	1.840583e-04	1.117501e-03
5.630406250747914e-04	1.405459e+01	-1.922720e-03	1.986012e-04	1.117482e-03
5.679234375747914e-04	1.405461e+01	-2.062592e-03	2.129791e-04	1.117464e-03
5.728062500747914e-04	1.405462e+01	-2.200522e-03	2.271361e-04	1.117446e-03
5.776890625747914e-04	1.405464e+01	-2.336385e-03	2.411013e-04	1.117428e-03
5.825718750747914e-04	1.405465e+01	-2.470049e-03	2.548189e-04	1.117410e-03
5.874546875747914e-04	1.405466e+01	-2.601391e-03	2.683187e-04	1.117393e-03
5.923375000747914e-04	1.405468e+01	-2.730285e-03	2.815454e-04	1.117376e-03
5.972203125747914e-04	1.405469e+01	-2.856612e-03	2.945291e-04	1.117359e-03
6.021031250747914e-04	1.405470e+01	-2.980251e-03	3.072149e-04	1.117343e-03
6.069859375747914e-04	1.405471e+01	-3.101088e-03	3.196336e-04	1.117327e-03
6.118687500747915e-04	1.405473e+01	-3.219007e-03	3.317309e-04	1.117312e-03
6.167515625747915e-04	1.405474e+01	-3.333899e-03	3.435379e-04	1.117297e-03
6.216343750747915e-04	1.405475e+01	-3.445653e-03	3.550010e-04	1.117282e-03
6.265171875747915e-04	1.405476e+01	-3.554167e-03	3.661519e-04	1.117268e-03
6.314000000747915e-04	1.405477e+01	-3.659337e-03	3.769376e-04	1.117254e-03
6.362828125747915e-04	1.405478e+01	-3.761065e-03	3.873905e-04	1.117240e-03
6.411656250747915e-04	1.405479e+01	-3.859254e-03	3.974582e-04	1.117227e-03
6.460484375747915e-04	1.405480e+01	-3.953814e-03	4.071737e-04	1.117215e-03
6.509312500747915e-04	1.405481e+01	-4.044652e-03	4.164854e-04	1.117203e-03
6.558140625747915e-04	1.405482e+01	-4.131687e-03	4.254271e-04	1.117192e-03
6.606968750747915e-04	1.405483e+01	-4.214833e-03	4.339477e-04	1.117181e-03
6.655796875747915e-04	1.405484e+01	-4.294016e-03	4.420819e-04	1.117170e-03
6.704625000747915e-04	1.405484e+01	-4.369157e-03	4.497794e-04	1.117160e-03
6.753453125747915e-04	1.405485e+01	-4.440190e-03	4.570755e-04	1.117151e-03
6.802281250747915e-04	1.405486e+01	-4.507043e-03	4.639207e-04	1.117142e-03
6.851109375747915e-04	1.405486e+01	-4.569658e-03	4.703513e-04	1.117134e-03
6.899937500747915e-04	1.405487e+01	-4.627972e-03	4.763186e-04	1.117126e-03
6.948765625747915e-04	1.405488e+01	-4.681933e-03	4.818595e-04	1.117119e-03
6.997593750747915e-04	1.405488e+01	-4.731488e-03	4.869262e-04	1.117113e-03
7.046421875747915e-04	1.405489e+01	-4.776593e-03	4.915566e-04	1.117107e-03
7.095250000747915e-04	1.405489e+01	-4.817202e-03	4.957038e-04	1.117101e-03
7.144078125747915e-04	1.405489e+01	-4.853281e-03	4.994062e-04	1.117097e-03
7.192906250747915e-04	1.405490e+01	-4.884792e-03	5.026181e-04	1.117093e-03
7.241734375747916e-04	1.405490e+01	-4.911708e-03	5.053788e-04	1.117089e-03
7.290562500747916e-04	1.405490e+01	-4.934003e-03	5.076432e-04	1.117086e-03
7.339390625747916e-04	1.405490e+01	-4.951656e-03	5.094517e-04	1.117084e-03
7.388218750747916e-04	1.405490e+01	-4.964649e-03	5.107602e-04	1.117082e-03
7.437046875747916e-04	1.405491e+01	-4.972972e-03	5.116098e-04	1.117081e-03
7.485875000747916e-04	1.405491e+01	-4.976616e-03	5.119573e-04	1.117081e-03
7.534703125747916e-04	1.405491e+01	-4.975578e-03	5.118449e-04	1.117081e-03
7.583531250747916e-04	1.405491e+01	-4.969859e-03	5.112301e-04	1.117081e-03
7.632359375747916e-04	1.405490e+01	-4.959464e-03	5.101560e-04	1.117083e-03
7.681187500747916e-04	1.405490e+01	-4.944402e-03	5.085812e-04	1.117085e-03
7.730015625747916e-04	1.405490e+01	-4.924689e-03	5.065496e-04	1.117087e-03
7.778843750747916e-04	1.405490e+01	-4.900342e-03	5.040207e-04	1.117091e-03
7.827671875747916e-04	1.405490e+01	-4.871385e-03	5.010392e-04	1.117095e-03
7.876500000747916e-04	1.405489e+01	-4.837844e-03	4.975656e-04	1.117099e-03
7.925328125747916e-04	1.405489e+01	-4.799753e-03	4.936456e-04	1.117104e-03
7.974156250747916e-04	1.405488e+01	-4.757144e-03	4.892403e-04	1.117110e-03
8.022984375747916e-04	1.405488e+01	-4.710062e-03	4.843965e-04	1.117116e-03
8.071812500747916e-04	1.405487e+01	-4.658546e-03	4.790762e-04	1.117123e-03
8.120640625747916e-04	1.405487e+01	-4.602649e-03	4.733269e-04	1.117130e-03
8.169468750747916e-04	1.405486e+01	-4.542421e-03	4.671116e-04	1.117138e-03
8.218296875747916e-04	1.405486e+01	-4.477920e-03	4.604784e-04	1.117146e-03
8.267125000747916e-04	1.405485e+01	-4.409205e-03	4.533913e-04	1.117156e-03
8.315953125747916e-04	1.405484e+01	-4.336343e-03	4.458994e-04	1.117165e-03
8.364781250747917e-04	1.405483e+01	-4.259400e-03	4.379672e-04	1.117175e-03
8.413609375747917e-04	1.405482e+01	-4.178450e-03	4.296448e-04	1.117186e-03
8.462437500747917e-04	1.405482e+01	-4.093569e-03	4.208974e-04	1.117197e-03
8.511265625747917e-04	1.405481e+01	-4.004838e-03	4.117756e-04	1.117209e-03
8.560093750747917e-04	1.405480e+01	-3.912339e-03	4.022458e-04	1.117221e-03
8.608921875747917e-04	1.405479e+01	-3.816159e-03	3.923594e-04	1.117234e-03
8.657750000747917e-04	1.405478e+01	-3.716388e-03	3.820830e-04	1.117247e-03
8.706578125747917e-04	1.405477e+01	-3.613123e-03	3.714691e-04	1.117261e-03
8.755406250747917e-04	1.405476e+01	-3.506457e-03	3.604848e-04	1.117275e-03
8.804234375747917e-04	1.405474e+01	-3.396494e-03	3.491833e-04	1.117289e-03
8.853062500747917e-04	1.405473e+01	-3.283335e-03	3.375325e-04	1.117304e-03
8.901890625747917e-04	1.405472e+01	-3.167088e-03	3.255859e-04	1.117319e-03
8.950718750747917e-04	1.405471e+01	-3.047861e-03	3.133125e-04	1.117335e-03
8.999546875747917e-04	1.405470e+01	-2.925768e-03	3.007660e-04	1.117351e-03
9.048375000747917e-04	1.405468e+01	-2.800921e-03	2.879159e-04	1.117368e-03
9.097203125747917e-04	1.405467e+01	-2.673442e-03	2.748167e-04	1.117384e-03
9.146031250747917e-04	1.405466e+01	-2.543447e-03	2.614383e-04	1.117402e-03
9.194859375747917e-04	1.405464e+01	-2.411061e-03	2.478358e-04	1.117419e-03
9.243687500747917e-04	1.405463e+01	-2.276405e-03	2.339795e-04	1.117437e-03
9.292515625747917e-04	1.405462e+01	-2.139610e-03	2.199250e-04	1.117455e-03
9.341343750747917e-04	1.405460e+01	-2.000802e-03	2.056429e-04	1.117473e-03
9.390171875747917e-04	1.405459e+01	-1.860114e-03	1.911891e-04	1.117492e-03
9.439000000747917e-04	1.405457e+01	-1.717675e-03	1.765350e-04	1.117510e-03
9.487828125747918e-04	1.405456e+01	-1.573622e-03	1.617366e-04	1.117529e-03
9.536656250747918e-04	1.405454e+01	-1.428089e-03	1.467654e-04	1.117549e-03
9.585484375747918e-04	1.405453e+01	-1.281214e-03	1.316781e-04	1.117568e-03
9.634312500747918e-04	1.405451e+01	-1.133134e-03	1.164462e-04	1.117587e-03
9.683140625747918e-04	1.405450e+01	-9.839903e-04	1.011268e-04	1.117607e-03
9.731968750747918e-04	1.405448e+01	-8.339207e-04	8.569159e-05	1.117627e-03
9.780796875747918e-04	1.405447e+01	-6.830692e-04	7.019774e-05	1.117647e-03
9.829625000747917e-04	1.405445e+01	-5.315750e-04	5.461725e-05	1.117667e-03
9.878453125747916e-04	1.405443e+01	-3.795835e-04	3.900726e-05	1.117687e-03
9.927281250747915e-04	1.405442e+01	-2.272349e-04	2.334006e-05	1.117707e-03
9.976109375747914e-04	1.405440e+01	-7.467542e-05	7.672887e-06	1.117727e-03
1.002493750074791e-03	1.405439e+01	7.795417e-05	-8.022088e-06	1.117747e-03
1.007376562574791e-03	1.405437e+01	2.305074e-04	-2.368748e-05	1.117767e-03
1.012259375074791e-03	1.405436e+01	3.828436e-04	-3.935124e-05	1.117787e-03
1.017142187574791e-03	1.405434e+01	5.348164e-04	-5.495589e-05	1.117807e-03
1.022025000074791e-03	1.405432e+01	6.862857e-04	-7.052942e-05	1.117827e-03
1.026907812574791e-03	1.405431e+01	8.371061e-04	-8.601465e-05	1.117847e-03
1.031790625074791e-03	1.405429e+01	9.871386e-04	-1.014394e-04	1.117867e-03
1.036673437574791e-03	1.405428e+01	1.136239e-03	-1.167468e-04	1.117886e-03
1.041556250074790e-03	1.405426e+01	1.284270e-03	-1.319648e-04	1.117906e-03
1.046439062574790e-03	1.405425e+01	1.431089e-03	-1.470366e-04	1.117925e-03
1.051321875074790e-03	1.405423e+01	1.576561e-03	-1.619907e-04	1.117944e-03
1.056204687574790e-03	1.405422e+01	1.720546e-03	-1.767703e-04	1.117963e-03
1.061087500074790e-03	1.405420e+01	1.862912e-03	-1.914041e-04	1.117982e-03
1.065970312574790e-03	1.405419e+01	2.003521e-03	-2.058358e-04	1.118001e-03
1.070853125074790e-03	1.405417e+01	2.142245e-03	-2.200944e-04	1.118019e-03
1.075735937574790e-03	1.405416e+01	2.278950e-03	-2.341238e-04	1.118037e-03
1.080618750074790e-03	1.405415e+01	2.413509e-03	-2.479535e-04	1.118055e-03
1.085501562574789e-03	1.405413e+01	2.545794e-03	-2.615278e-04	1.118072e-03
1.090384375074789e-03	1.405412e+01	2.675683e-03	-2.748766e-04	1.118089e-03
1.095267187574789e-03	1.405411e+01	2.803050e-03	-2.879447e-04	1.118106e-03
1.100150000074789e-03	1.405409e+01	2.927780e-03	-3.007625e-04	1.118122e-03
1.105032812574789e-03	1.405408e+01	3.049751e-03	-3.132751e-04	1.118138e-03
1.109915625074789e-03	1.405407e+01	3.168851e-03	-3.255135e-04	1.118154e-03
1.114798437574789e-03	1.405406e+01	3.284966e-03	-3.374237e-04	1.118169e-03
1.119681250074789e-03	1.405405e+01	3.397989e-03	-3.490368e-04	1.118184e-03
1.124564062574789e-03	1.405403e+01	3.507811e-03	-3.602995e-04	1.118199e-03
1.129446875074789e-03	1.405402e+01	3.614331e-03	-3.712437e-04	1.118213e-03
1.134329687574788e-03	1.405401e+01	3.717447e-03	-3.818166e-04	1.118226e-03
1.139212500074788e-03	1.405400e+01	3.817064e-03	-3.920507e-04	1.118239e-03
1.144095312574788e-03	1.405399e+01	3.913085e-03	-4.018940e-04	1.118252e-03
1.148978125074788e-03	1.405398e+01	4.005423e-03	-4.113795e-04	1.118264e-03
1.153860937574788e-03	1.405397e+01	4.093989e-03	-4.204560e-04	1.118276e-03
1.158743750074788e-03	1.405397e+01	4.178701e-03	-4.291573e-04	1.118287e-03
1.163626562574788e-03	1.405396e+01	4.259477e-03	-4.374328e-04	1.118298e-03
1.168509375074788e-03	1.405395e+01	4.336245e-03	-4.453172e-04	1.118308e-03
1.173392187574788e-03	1.405394e+01	4.408928e-03	-4.527607e-04	1.118317e-03
1.178275000074788e-03	1.405394e+01	4.477462e-03	-4.597986e-04	1.118326e-03
1.183157812574787e-03	1.405393e+01	4.541778e-03	-4.663818e-04	1.118335e-03
1.188040625074787e-03	1.405392e+01	4.601820e-03	-4.725468e-04	1.118343e-03
1.192923437574787e-03	1.405392e+01	4.657528e-03	-4.782450e-04	1.118350e-03
1.197806250074787e-03	1.405391e+01	4.708852e-03	-4.835138e-04	1.118357e-03
1.202689062574787e-03	1.405391e+01	4.755742e-03	-4.883057e-04	1.118363e-03
1.207571875074787e-03	1.405390e+01	4.798155e-03	-4.926585e-04	1.118368e-03
1.212454687574787e-03	1.405390e+01	4.836049e-03	-4.965258e-04	1.118373e-03
1.217337500074787e-03	1.405389e+01	4.869392e-03	-4.999465e-04	1.118378e-03
1.222220312574787e-03	1.405389e+01	4.898149e-03	-5.028747e-04	1.118382e-03
1.227103125074786e-03	1.405389e+01	4.922296e-03	-5.053501e-04	1.118385e-03
1.231985937574786e-03	1.405389e+01	4.941807e-03	-5.073281e-04	1.118387e-03
1.236868750074786e-03	1.405389e+01	4.956667e-03	-5.088493e-04	1.118389e-03
1.241751562574786e-03	1.405388e+01	4.966858e-03	-5.098697e-04	1.118391e-03
1.246634375074786e-03	1.405388e+01	4.972375e-03	-5.104308e-04	1.118391e-03
1.251517187574786e-03	1.405388e+01	4.973209e-03	-5.104896e-04	1.118391e-03
1.256400000074786e-03	1.405388e+01	4.969363e-03	-5.100886e-04	1.118391e-03
1.261282812574786e-03	1.405389e+01	4.960836e-03	-5.091857e-04	1.118390e-03
1.266165625074786e-03	1.405389e+01	4.947641e-03	-5.078241e-04	1.118388e-03
1.271048437574786e-03	1.405389e+01	4.929786e-03	-5.059627e-04	1.118386e-03
1.275931250074785e-03	1.405389e+01	4.907290e-03	-5.036457e-04	1.118383e-03
1.280814062574785e-03	1.405389e+01	4.880174e-03	-5.008328e-04	1.118379e-03
1.285696875074785e-03	1.405390e+01	4.848464e-03	-4.975692e-04	1.118375e-03
1.290579687574785e-03	1.405390e+01	4.812188e-03	-4.938154e-04	1.118370e-03
1.295462500074785e-03	1.405390e+01	4.771383e-03	-4.896174e-04	1.118365e-03
1.300345312574785e-03	1.405391e+01	4.726084e-03	-4.849368e-04	1.118359e-03
1.305228125074785e-03	1.405392e+01	4.676337e-03	-4.798204e-04	1.118352e-03
1.310110937574785e-03	1.405392e+01	4.622185e-03	-4.742304e-04	1.118345e-03
1.314993750074785e-03	1.405393e+01	4.563684e-03	-4.682148e-04	1.118337e-03
1.319876562574784e-03	1.405393e+01	4.500884e-03	-4.617366e-04	1.118329e-03
1.324759375074784e-03	1.405394e+01	4.433847e-03	-4.548444e-04	1.118320e-03
1.329642187574784e-03	1.405395e+01	4.362636e-03	-4.475023e-04	1.118311e-03
1.334525000074784e-03	1.405396e+01	4.287317e-03	-4.397596e-04	1.118301e-03
1.339407812574784e-03	1.405396e+01	4.207961e-03	-4.315811e-04	1.118290e-03
1.344290625074784e-03	1.405397e+01	4.124644e-03	-4.230170e-04	1.118279e-03
1.349173437574784e-03	1.405398e+01	4.037443e-03	-4.140329e-04	1.118268e-03
1.354056250074784e-03	1.405399e+01	3.946441e-03	-4.046796e-04	1.118256e-03
1.358939062574784e-03	1.405400e+01	3.851722e-03	-3.949237e-04	1.118243e-03
1.363821875074784e-03	1.405401e+01	3.753377e-03	-3.848166e-04	1.118230e-03
1.368704687574783e-03	1.405402e+01	3.651498e-03	-3.743254e-04	1.118217e-03
1.373587500074783e-03	1.405403e+01	3.546181e-03	-3.635025e-04	1.118203e-03
1.378470312574783e-03	1.405404e+01	3.437524e-03	-3.523155e-04	1.118189e-03
1.383353125074783e-03	1.405405e+01	3.325631e-03	-3.408176e-04	1.118174e-03
1.388235937574783e-03	1.405407e+01	3.210606e-03	-3.289770e-04	1.118159e-03
1.393118750074783e-03	1.405408e+01	3.092558e-03	-3.168473e-04	1.118143e-03
1.398001562574783e-03	1.405409e+01	2.971597e-03	-3.043975e-04	1.118127e-03
1.402884375074783e-03	1.405410e+01	2.847839e-03	-2.916818e-04	1.118111e-03
1.407767187574783e-03	1.405412e+01	2.721398e-03	-2.786697e-04	1.118094e-03
1.412650000074783e-03	1.405413e+01	2.592395e-03	-2.654158e-04	1.118077e-03
1.417532812574782e-03	1.405414e+01	2.460950e-03	-2.518902e-04	1.118060e-03
1.422415625074782e-03	1.405416e+01	2.327188e-03	-2.381481e-04	1.118042e-03
1.427298437574782e-03	1.405417e+01	2.191233e-03	-2.241599e-04	1.118024e-03
1.432181250074782e-03	1.405418e+01	2.053215e-03	-2.099813e-04	1.118006e-03
1.437064062574782e-03	1.405420e+01	1.913262e-03	-1.955831e-04	1.117988e-03
1.441946875074782e-03	1.405421e+01	1.771508e-03	-1.810214e-04	1.117969e-03
1.446829687574782e-03	1.405423e+01	1.628084e-03	-1.662673e-04	1.117950e-03
1.451712500074782e-03	1.405424e+01	1.483127e-03	-1.513774e-04	1.117931e-03
1.456595312574782e-03	1.405426e+01	1.336772e-03	-1.363231e-04	1.117912e-03
1.461478125074781e-03	1.405427e+01	1.189158e-03	-1.211609e-04	1.117892e-03
1.466360937574781e-03	1.405429e+01	1.040422e-03	-1.058628e-04	1.117873e-03
1.471243750074781e-03	1.405430e+01	8.907071e-04	-9.048565e-05	1.117853e-03
1.476126562574781e-03	1.405432e+01	7.401506e-04	-7.500140e-05	1.117833e-03
1.481009375074781e-03	1.405433e+01	5.888973e-04	-5.946704e-05	1.117813e-03
1.485892187574781e-03	1.405435e+01	4.370867e-04	-4.385475e-05	1.117793e-03
1.490775000074781e-03	1.405437e+01	2.848647e-04	-2.822179e-05	1.117773e-03
1.495657812574781e-03	1.405438e+01	1.323715e-04	-1.254022e-05	1.117753e-03
1.500540625074781e-03	1.405440e+01	-2.024640e-05	3.132519e-06	1.117733e-03
1.505423437574781e-03	1.405441e+01	-1.728482e-04	1.882432e-05	1.117713e-03
1.510306250074780e-03	1.405443e+01	-3.252875e-04	3.447784e-05	1.117693e-03
1.515189062574780e-03	1.405444e+01	-4.774237e-04	5.012086e-05	1.117673e-03
1.520071875074780e-03	1.405446e+01	-6.291107e-04	6.569617e-05	1.117653e-03
1.524954687574780e-03	1.405448e+01	-7.802086e-04	8.123154e-05	1.117633e-03
1.529837500074780e-03	1.405449e+01	-9.305723e-04	9.666997e-05	1.117613e-03
1.534720312574780e-03	1.405451e+01	-1.080063e-03	1.120394e-04	1.117593e-03
1.539603125074780e-03	1.405452e+01	-1.228538e-03	1.272829e-04	1.117574e-03
1.544485937574780e-03	1.405454e+01	-1.375859e-03	1.424284e-04	1.117554e-03
1.549368750074780e-03	1.405455e+01	-1.521885e-03	1.574193e-04	1.117535e-03
1.554251562574779e-03	1.405457e+01	-1.666483e-03	1.722841e-04	1.117516e-03
1.559134375074779e-03	1.405458e+01	-1.809511e-03	1.869661e-04	1.117497e-03
1.564017187574779e-03	1.405460e+01	-1.950840e-03	2.014941e-04	1.117479e-03
1.568900000074779e-03	1.405461e+01	-2.090333e-03	2.158120e-04	1.117460e-03
1.573782812574779e-03	1.405462e+01	-2.227862e-03	2.299486e-04	1.117442e-03
1.578665625074779e-03	1.405464e+01	-2.363294e-03	2.438484e-04	1.117424e-03
1.583548437574779e-03	1.405465e+01	-2.496504e-03	2.575404e-04	1.117407e-03
1.588431250074779e-03	1.405467e+01	-2.627366e-03	2.709696e-04	1.117390e-03
1.593314062574779e-03	1.405468e+01	-2.755757e-03	2.841657e-04	1.117373e-03
1.598196875074779e-03	1.405469e+01	-2.881555e-03	2.970737e-04	1.117356e-03
1.603079687574778e-03	1.405470e+01	-3.004644e-03	3.097242e-04	1.117340e-03
1.607962500074778e-03	1.405472e+01	-3.124905e-03	3.220625e-04	1.117324e-03
1.612845312574778e-03	1.405473e+01	-3.242228e-03	3.341196e-04	1.117309e-03
1.617728125074778e-03	1.405474e+01	-3.356500e-03	3.458417e-04	1.117294e-03
1.622610937574778e-03	1.405475e+01	-3.467615e-03	3.572602e-04	1.117279e-03
1.627493750074778e-03	1.405476e+01	-3.575468e-03	3.683218e-04	1.117265e-03
1.632376562574778e-03	1.405477e+01	-3.679958e-03	3.790588e-04	1.117251e-03
1.637259375074778e-03	1.405478e+01	-3.780985e-03	3.894184e-04	1.117238e-03
1.642142187574778e-03	1.405479e+01	-3.878456e-03	3.994334e-04	1.117225e-03
1.647025000074778e-03	1.405480e+01	-3.972278e-03	4.090520e-04	1.117213e-03
1.651907812574777e-03	1.405481e+01	-4.062363e-03	4.183073e-04	1.117201e-03
1.656790625074777e-03	1.405482e+01	-4.148626e-03	4.271485e-04	1.117189e-03
1.661673437574777e-03	1.405483e+01	-4.230987e-03	4.356094e-04	1.117179e-03
1.666556250074777e-03	1.405484e+01	-4.309366e-03	4.436399e-04	1.117168e-03
1.671439062574777e-03	1.405485e+01	-4.383692e-03	4.512747e-04	1.117158e-03
1.676321875074777e-03	1.405485e+01	-4.453893e-03	4.584641e-04	1.117149e-03
1.681204687574777e-03	1.405486e+01	-4.519904e-03	4.652440e-04	1.117141e-03
1.686087500074777e-03	1.405487e+01	-4.581662e-03	4.715653e-04	1.117132e-03
1.690970312574777e-03	1.405487e+01	-4.639111e-03	4.774648e-04	1.117125e-03
1.695853125074776e-03	1.405488e+01	-4.692194e-03	4.828942e-04	1.117118e-03
1.700735937574776e-03	1.405488e+01	-4.740864e-03	4.878911e-04	1.117111e-03
1.705618750074776e-03	1.405489e+01	-4.785071e-03	4.924082e-04	1.117106e-03
1.710501562574776e-03	1.405489e+01	-4.824779e-03	4.964837e-04	1.117100e-03
1.715384375074776e-03	1.405489e+01	-4.859945e-03	5.000713e-04	1.117096e-03
1.720267187574776e-03	1.405490e+01	-4.890541e-03	5.032101e-04	1.117092e-03
1.725150000074776e-03	1.405490e+01	-4.916533e-03	5.058548e-04	1.117088e-03
1.730032812574776e-03	1.405490e+01	-4.937902e-03	5.080452e-04	1.117086e-03
1.734915625074776e-03	1.405490e+01	-4.954624e-03	5.097368e-04	1.117083e-03
1.739798437574776e-03	1.405491e+01	-4.966685e-03	5.109706e-04	1.117082e-03
1.744681250074775e-03	1.405491e+01	-4.974071e-03	5.117028e-04	1.117081e-03
1.749564062574775e-03	1.405491e+01	-4.976780e-03	5.119754e-04	1.117081e-03
1.754446875074775e-03	1.405491e+01	-4.974805e-03	5.117455e-04	1.117081e-03
1.759329687574775e-03	1.405491e+01	-4.968151e-03	5.110557e-04	1.117082e-03
1.764212500074775e-03	1.405490e+01	-4.956820e-03	5.098644e-04	1.117083e-03
1.769095312574775e-03	1.405490e+01	-4.940828e-03	5.082150e-04	1.117085e-03
1.773978125074775e-03	1.405490e+01	-4.920186e-03	5.060669e-04	1.117088e-03
1.778860937574775e-03	1.405490e+01	-4.894916e-03	5.034642e-04	1.117091e-03
1.783743750074775e-03	1.405490e+01	-4.865039e-03	5.003671e-04	1.117095e-03
1.788626562574775e-03	1.405489e+01	-4.830586e-03	4.968210e-04	1.117100e-03
1.793509375074774e-03	1.405489e+01	-4.791587e-03	4.927865e-04	1.117105e-03
1.798392187574774e-03	1.405488e+01	-4.748082e-03	4.883102e-04	1.117111e-03
1.803275000074774e-03	1.405488e+01	-4.700107e-03	4.833538e-04	1.117117e-03
1.808157812574774e-03	1.405487e+01	-4.647713e-03	4.779642e-04	1.117124e-03
1.813040625074774e-03	1.405487e+01	-4.590944e-03	4.721043e-04	1.117132e-03
1.817923437574774e-03	1.405486e+01	-4.529858e-03	4.658219e-04	1.117140e-03
1.822806250074774e-03	1.405485e+01	-4.464508e-03	4.590805e-04	1.117148e-03
1.827689062574774e-03	1.405485e+01	-4.394959e-03	4.519289e-04	1.117157e-03
1.832571875074774e-03	1.405484e+01	-4.321274e-03	4.443313e-04	1.117167e-03
1.837454687574773e-03	1.405483e+01	-4.243525e-03	4.363375e-04	1.117177e-03
1.842337500074773e-03	1.405482e+01	-4.161782e-03	4.279124e-04	1.117188e-03
1.847220312574773e-03	1.405481e+01	-4.076126e-03	4.191064e-04	1.117199e-03
1.852103125074773e-03	1.405480e+01	-3.986633e-03	4.098854e-04	1.117211e-03
1.856985937574773e-03	1.405480e+01	-3.893391e-03	4.003006e-04	1.117224e-03
1.861868750074773e-03	1.405478e+01	-3.796485e-03	3.903183e-04	1.117236e-03
1.866751562574773e-03	1.405477e+01	-3.696009e-03	3.799907e-04	1.117250e-03
1.871634375074773e-03	1.405476e+01	-3.592054e-03	3.692849e-04	1.117263e-03
1.876517187574773e-03	1.405475e+01	-3.484722e-03	3.582533e-04	1.117277e-03
1.881400000074773e-03	1.405474e+01	-3.374110e-03	3.468640e-04	1.117292e-03
1.886282812574772e-03	1.405473e+01	-3.260326e-03	3.351702e-04	1.117307e-03
1.891165625074772e-03	1.405472e+01	-3.143473e-03	3.231404e-04	1.117322e-03
1.896048437574772e-03	1.405471e+01	-3.023665e-03	3.108284e-04	1.117338e-03
1.900931250074772e-03	1.405469e+01	-2.901011e-03	2.982032e-04	1.117354e-03
1.905814062574772e-03	1.405468e+01	-2.775630e-03	2.853193e-04	1.117371e-03
1.910696875074772e-03	1.405467e+01	-2.647636e-03	2.721463e-04	1.117388e-03
1.915579687574772e-03	1.405465e+01	-2.517154e-03	2.587391e-04	1.117405e-03
1.920462500074772e-03	1.405464e+01	-2.384303e-03	2.450678e-04	1.117422e-03
1.925345312574772e-03	1.405463e+01	-2.249210e-03	2.311878e-04	1.117440e-03
1.930228125074771e-03	1.405461e+01	-2.112001e-03	2.170697e-04	1.117458e-03
1.935110937574771e-03	1.405460e+01	-1.972808e-03	2.027692e-04	1.117477e-03
1.939993750074771e-03	1.405458e+01	-1.831757e-03	1.882572e-04	1.117495e-03
1.944876562574771e-03	1.405457e+01	-1.688986e-03	1.735901e-04	1.117514e-03
1.949759375074771e-03	1.405455e+01	-1.544625e-03	1.587391e-04	1.117533e-03
1.954642187574771e-03	1.405454e+01	-1.398814e-03	1.437605e-04	1.117552e-03
1.959525000074771e-03	1.405452e+01	-1.251686e-03	1.286261e-04	1.117572e-03
1.964407812574771e-03	1.405451e+01	-1.103383e-03	1.133926e-04	1.117591e-03
1.969290625074771e-03	1.405449e+01	-9.540417e-04	9.803188e-05	1.117611e-03
1.974173437574771e-03	1.405448e+01	-8.038055e-04	8.260080e-05	1.117631e-03
1.979056250074771e-03	1.405446e+01	-6.528130e-04	6.707143e-05	1.117651e-03
1.983939062574771e-03	1.405445e+01	-5.012091e-04	5.150085e-05	1.117671e-03
1.988821875074770e-03	1.405443e+01	-3.491335e-04	3.586130e-05	1.117691e-03
1.993704687574770e-03	1.405441e+01	-1.967324e-04	2.020993e-05	1.117711e-03
1.998587500074770e-03	1.405440e+01	-4.414630e-05	4.518968e-06	1.117731e-03
2.003470312574770e-03	1.405438e+01	1.084784e-04	-1.115424e-05	1.117751e-03
2.008353125074770e-03	1.405437e+01	2.610008e-04	-2.683746e-05	1.117771e-03
2.013235937574770e-03	1.405435e+01	4.132746e-04	-4.247362e-05	1.117791e-03
2.018118750074770e-03	1.405434e+01	5.651593e-04	-5.809025e-05	1.117811e-03
2.023001562574770e-03	1.405432e+01	7.165091e-04	-7.363030e-05	1.117831e-03
2.027884375074770e-03	1.405431e+01	8.671844e-04	-8.912155e-05	1.117851e-03
2.032767187574770e-03	1.405429e+01	1.017041e-03	-1.045070e-04	1.117871e-03
2.037650000074769e-03	1.405427e+01	1.165939e-03	-1.198146e-04	1.117890e-03
2.042532812574769e-03	1.405426e+01	1.313738e-03	-1.349876e-04	1.117910e-03
2.047415625074769e-03	1.405424e+01	1.460300e-03	-1.500540e-04	1.117929e-03
2.052298437574769e-03	1.405423e+01	1.605484e-03	-1.649573e-04	1.117948e-03
2.057181250074769e-03	1.405422e+01	1.749157e-03	-1.797258e-04	1.117967e-03
2.062064062574769e-03	1.405420e+01	1.891181e-03	-1.943033e-04	1.117986e-03
2.066946875074769e-03	1.405419e+01	2.031425e-03	-2.087185e-04	1.118004e-03
2.071829687574769e-03	1.405417e+01	2.169755e-03	-2.229152e-04	1.118022e-03
2.076712500074769e-03	1.405416e+01	2.306042e-03	-2.369228e-04	1.118040e-03
2.081595312574768e-03	1.405414e+01	2.440155e-03	-2.506854e-04	1.118058e-03
2.086478125074768e-03	1.405413e+01	2.571972e-03	-2.642327e-04	1.118075e-03
2.091360937574768e-03	1.405412e+01	2.701365e-03	-2.775093e-04	1.118092e-03
2.096243750074768e-03	1.405410e+01	2.828215e-03	-2.905453e-04	1.118109e-03
2.101126562574768e-03	1.405409e+01	2.952401e-03	-3.032860e-04	1.118126e-03
2.106009375074768e-03	1.405408e+01	3.073808e-03	-3.157618e-04	1.118142e-03
2.110892187574768e-03	1.405407e+01	3.192319e-03	-3.279184e-04	1.118157e-03
2.115775000074768e-03	1.405406e+01	3.307825e-03	-3.397871e-04	1.118172e-03
2.120657812574768e-03	1.405404e+01	3.420215e-03	-3.513140e-04	1.118187e-03
2.125540625074768e-03	1.405403e+01	3.529386e-03	-3.625308e-04	1.118202e-03
2.130423437574767e-03	1.405402e+01	3.635233e-03	-3.733846e-04	1.118215e-03
2.135306250074767e-03	1.405401e+01	3.737657e-03	-3.839075e-04	1.118229e-03
2.140189062574767e-03	1.405400e+01	3.836561e-03	-3.940472e-04	1.118242e-03
2.145071875074767e-03	1.405399e+01	3.931854e-03	-4.038366e-04	1.118254e-03
2.149954687574767e-03	1.405398e+01	4.023443e-03	-4.132241e-04	1.118266e-03
2.154837500074767e-03	1.405397e+01	4.111246e-03	-4.222432e-04	1.118278e-03
2.159720312574767e-03	1.405396e+01	4.195177e-03	-4.308430e-04	1.118289e-03
2.164603125074767e-03	1.405396e+01	4.275158e-03	-4.390579e-04	1.118300e-03
2.169485937574767e-03	1.405395e+01	4.351113e-03	-4.468377e-04	1.118310e-03
2.174368750074766e-03	1.405394e+01	4.422973e-03	-4.542176e-04	1.118319e-03
2.179251562574766e-03	1.405393e+01	4.490667e-03	-4.611480e-04	1.118328e-03
2.184134375074766e-03	1.405393e+01	4.554135e-03	-4.676651e-04	1.118336e-03
2.189017187574766e-03	1.405392e+01	4.613313e-03	-4.737201e-04	1.118344e-03
2.193900000074766e-03	1.405392e+01	4.668150e-03	-4.793500e-04	1.118351e-03
2.198782812574766e-03	1.405391e+01	4.718589e-03	-4.845067e-04	1.118358e-03
2.203665625074766e-03	1.405391e+01	4.764588e-03	-4.892281e-04	1.118364e-03
2.208548437574766e-03	1.405390e+01	4.806099e-03	-4.934672e-04	1.118370e-03
2.213431250074766e-03	1.405390e+01	4.843087e-03	-4.972624e-04	1.118374e-03
2.218314062574766e-03	1.405389e+01	4.875514e-03	-5.005678e-04	1.118379e-03
2.223196875074765e-03	1.405389e+01	4.903352e-03	-5.034227e-04	1.118382e-03
2.228079687574765e-03	1.405389e+01	4.926572e-03	-5.057818e-04	1.118385e-03
2.232962500074765e-03	1.405389e+01	4.945156e-03	-5.076856e-04	1.118388e-03
2.237845312574765e-03	1.405389e+01	4.959082e-03	-5.090897e-04	1.118390e-03
2.242728125074765e-03	1.405388e+01	4.968340e-03	-5.100353e-04	1.118391e-03
2.247610937574765e-03	1.405388e+01	4.972920e-03	-5.104790e-04	1.118391e-03
2.252493750074765e-03	1.405388e+01	4.972819e-03	-5.104629e-04	1.118391e-03
2.257376562574765e-03	1.405388e+01	4.968035e-03	-5.099444e-04	1.118391e-03
2.262259375074765e-03	1.405389e+01	4.958575e-03	-5.089666e-04	1.118389e-03
2.267142187574765e-03	1.405389e+01	4.944445e-03	-5.074880e-04	1.118388e-03
2.272025000074764e-03	1.405389e+01	4.925661e-03	-5.055523e-04	1.118385e-03
2.276907812574764e-03	1.405389e+01	4.902239e-03	-5.031190e-04	1.118382e-03
2.281790625074764e-03	1.405389e+01	4.874203e-03	-5.002327e-04	1.118378e-03
2.286673437574764e-03	1.405390e+01	4.841576e-03	-4.968538e-04	1.118374e-03
2.291556250074764e-03	1.405390e+01	4.804392e-03	-4.930279e-04	1.118369e-03
2.296439062574764e-03	1.405391e+01	4.762684e-03	-4.887161e-04	1.118363e-03
2.301321875074764e-03	1.405391e+01	4.716493e-03	-4.839649e-04	1.118357e-03
2.306204687574764e-03	1.405392e+01	4.665860e-03	-4.787363e-04	1.118351e-03
2.311087500074764e-03	1.405392e+01	4.610836e-03	-4.730778e-04	1.118343e-03
2.315970312574763e-03	1.405393e+01	4.551468e-03	-4.669522e-04	1.118336e-03
2.320853125074763e-03	1.405393e+01	4.487818e-03	-4.604077e-04	1.118327e-03
2.325735937574763e-03	1.405394e+01	4.419940e-03	-4.534080e-04	1.118318e-03
2.330618750074763e-03	1.405395e+01	4.347902e-03	-4.460022e-04	1.118309e-03
2.335501562574763e-03	1.405396e+01	4.271770e-03	-4.381547e-04	1.118299e-03
2.340384375074763e-03	1.405396e+01	4.191617e-03	-4.299155e-04	1.118288e-03
2.345267187574763e-03	1.405397e+01	4.107515e-03	-4.212497e-04	1.118277e-03
2.350150000074763e-03	1.405398e+01	4.019548e-03	-4.122081e-04	1.118265e-03
2.355032812574763e-03	1.405399e+01	3.927794e-03	-4.027566e-04	1.118253e-03
2.359915625074763e-03	1.405400e+01	3.832344e-03	-3.929466e-04	1.118241e-03
2.364798437574762e-03	1.405401e+01	3.733284e-03	-3.827450e-04	1.118228e-03
2.369681250074762e-03	1.405402e+01	3.630710e-03	-3.722036e-04	1.118214e-03
2.374564062574762e-03	1.405403e+01	3.524716e-03	-3.612901e-04	1.118200e-03
2.379446875074762e-03	1.405404e+01	3.415405e-03	-3.500571e-04	1.118186e-03
2.384329687574762e-03	1.405406e+01	3.302876e-03	-3.384728e-04	1.118171e-03
2.389212500074762e-03	1.405407e+01	3.187238e-03	-3.265905e-04	1.118156e-03
2.394095312574762e-03	1.405408e+01	3.068598e-03	-3.143789e-04	1.118140e-03
2.398978125074762e-03	1.405409e+01	2.947070e-03	-3.018920e-04	1.118124e-03
2.403860937574762e-03	1.405411e+01	2.822764e-03	-2.890989e-04	1.118108e-03
2.408743750074761e-03	1.405412e+01	2.695803e-03	-2.760544e-04	1.118091e-03
2.413626562574761e-03	1.405413e+01	2.566300e-03	-2.627282e-04	1.118074e-03
2.418509375074761e-03	1.405414e+01	2.434383e-03	-2.491753e-04	1.118056e-03
2.423392187574761e-03	1.405416e+01	2.300171e-03	-2.353659e-04	1.118039e-03
2.428275000074761e-03	1.405417e+01	2.163794e-03	-2.213556e-04	1.118021e-03
2.433157812574761e-03	1.405419e+01	2.025378e-03	-2.071150e-04	1.118003e-03
2.438040625074761e-03	1.405420e+01	1.885055e-03	-1.927001e-04	1.117984e-03
2.442923437574761e-03	1.405422e+01	1.742955e-03	-1.780818e-04	1.117965e-03
2.447806250074761e-03	1.405423e+01	1.599215e-03	-1.633164e-04	1.117946e-03
2.452689062574761e-03	1.405425e+01	1.453967e-03	-1.483755e-04	1.117927e-03
2.457571875074760e-03	1.405426e+01	1.307350e-03	-1.333154e-04	1.117908e-03
2.462454687574760e-03	1.405428e+01	1.159499e-03	-1.181080e-04	1.117888e-03
2.467337500074760e-03	1.405429e+01	1.010557e-03	-1.028099e-04	1.117869e-03
2.472220312574760e-03	1.405431e+01	8.606614e-04	-8.739316e-05	1.117849e-03
2.477103125074760e-03	1.405432e+01	7.099553e-04	-7.191463e-05	1.117829e-03
2.481985937574760e-03	1.405434e+01	5.585781e-04	-5.634655e-05	1.117809e-03
2.486868750074760e-03	1.405435e+01	4.066749e-04	-4.074594e-05	1.117789e-03
2.491751562574760e-03	1.405437e+01	2.543860e-04	-2.508511e-05	1.117769e-03
2.496634375074760e-03	1.405439e+01	1.018575e-04	-9.421143e-06	1.117749e-03
2.501517187574760e-03	1.405440e+01	-5.076980e-05	6.273622e-06	1.117729e-03
2.506400000074759e-03	1.405442e+01	-2.033495e-04	2.194193e-05	1.117709e-03
2.511282812574759e-03	1.405443e+01	-3.557408e-04	3.761149e-05	1.117689e-03
2.516165625074759e-03	1.405445e+01	-5.077974e-04	5.322520e-05	1.117669e-03
2.521048437574759e-03	1.405446e+01	-6.593791e-04	6.881066e-05	1.117649e-03
2.525931250074759e-03	1.405448e+01	-8.103403e-04	8.431089e-05	1.117629e-03
2.530814062574759e-03	1.405449e+01	-9.605419e-04	9.975368e-05	1.117609e-03
2.535696875074759e-03	1.405451e+01	-1.109840e-03	1.150820e-04	1.117590e-03
2.540579687574759e-03	1.405452e+01	-1.258096e-03	1.303240e-04	1.117570e-03
2.545462500074759e-03	1.405454e+01	-1.405168e-03	1.454228e-04	1.117551e-03
2.550345312574758e-03	1.405455e+01	-1.550921e-03	1.604066e-04	1.117531e-03
2.555228125074758e-03	1.405457e+01	-1.695214e-03	1.752189e-04	1.117512e-03
2.560110937574758e-03	1.405458e+01	-1.837915e-03	1.898882e-04	1.117494e-03
2.564993750074758e-03	1.405460e+01	-1.978886e-03	2.043584e-04	1.117475e-03
2.569876562574758e-03	1.405461e+01	-2.117997e-03	2.186580e-04	1.117457e-03
2.574759375074758e-03	1.405463e+01	-2.255116e-03	2.327314e-04	1.117439e-03
2.579642187574758e-03	1.405464e+01	-2.390115e-03	2.466076e-04	1.117421e-03
2.584525000074758e-03	1.405466e+01	-2.522864e-03	2.602311e-04	1.117403e-03
2.589407812574758e-03	1.405467e+01	-2.653242e-03	2.736317e-04	1.117386e-03
2.594290625074758e-03	1.405468e+01	-2.781124e-03	2.867542e-04	1.117369e-03
2.599173437574757e-03	1.405469e+01	-2.906390e-03	2.996286e-04	1.117353e-03
2.604056250074757e-03	1.405471e+01	-3.028922e-03	3.122005e-04	1.117337e-03
2.608939062574757e-03	1.405472e+01	-3.148605e-03	3.245005e-04	1.117321e-03
2.613821875074757e-03	1.405473e+01	-3.265326e-03	3.364745e-04	1.117306e-03
2.618704687574757e-03	1.405474e+01	-3.378976e-03	3.481538e-04	1.117291e-03
2.623587500074757e-03	1.405475e+01	-3.489446e-03	3.594848e-04	1.117276e-03
2.628470312574757e-03	1.405476e+01	-3.596635e-03	3.704994e-04	1.117262e-03
2.633353125074757e-03	1.405478e+01	-3.700439e-03	3.811446e-04	1.117248e-03
2.638235937574757e-03	1.405479e+01	-3.800764e-03	3.914531e-04	1.117235e-03
2.643118750074757e-03	1.405480e+01	-3.897511e-03	4.013726e-04	1.117222e-03
2.648001562574756e-03	1.405481e+01	-3.990593e-03	4.109362e-04	1.117210e-03
2.652884375074756e-03	1.405481e+01	-4.079920e-03	4.200924e-04	1.117198e-03
2.657767187574756e-03	1.405482e+01	-4.165410e-03	4.288751e-04	1.117187e-03
2.662650000074756e-03	1.405483e+01	-4.246979e-03	4.372336e-04	1.117176e-03
2.667532812574756e-03	1.405484e+01	-4.324555e-03	4.452025e-04	1.117166e-03
2.672415625074756e-03	1.405485e+01	-4.398060e-03	4.527318e-04	1.117157e-03
2.677298437574756e-03	1.405485e+01	-4.467429e-03	4.598568e-04	1.117147e-03
2.682181250074756e-03	1.405486e+01	-4.532594e-03	4.665285e-04	1.117139e-03
2.687064062574756e-03	1.405487e+01	-4.593496e-03	4.727830e-04	1.117131e-03
2.691946875074755e-03	1.405487e+01	-4.650074e-03	4.785718e-04	1.117123e-03
2.696829687574755e-03	1.405488e+01	-4.702279e-03	4.839322e-04	1.117117e-03
2.701712500074755e-03	1.405488e+01	-4.750059e-03	4.888164e-04	1.117110e-03
2.706595312574755e-03	1.405489e+01	-4.793371e-03	4.932625e-04	1.117105e-03
2.711478125074755e-03	1.405489e+01	-4.832172e-03	4.972237e-04	1.117099e-03
2.716360937574755e-03	1.405490e+01	-4.866428e-03	5.007389e-04	1.117095e-03
2.721243750074755e-03	1.405490e+01	-4.896104e-03	5.037621e-04	1.117091e-03
2.726126562574755e-03	1.405490e+01	-4.921175e-03	5.063330e-04	1.117088e-03
2.731009375074755e-03	1.405490e+01	-4.941614e-03	5.084068e-04	1.117085e-03
2.735892187574755e-03	1.405490e+01	-4.957406e-03	5.100241e-04	1.117083e-03
2.740775000074754e-03	1.405491e+01	-4.968532e-03	5.111406e-04	1.117082e-03
2.745657812574754e-03	1.405491e+01	-4.974985e-03	5.117980e-04	1.117081e-03
2.750540625074754e-03	1.405491e+01	-4.976755e-03	5.119530e-04	1.117081e-03
2.755423437574754e-03	1.405491e+01	-4.973845e-03	5.116480e-04	1.117081e-03
2.760306250074754e-03	1.405491e+01	-4.966254e-03	5.108409e-04	1.117082e-03
2.765189062574754e-03	1.405490e+01	-4.953992e-03	5.095750e-04	1.117084e-03
2.770071875074754e-03	1.405490e+01	-4.937067e-03	5.078087e-04	1.117086e-03
2.774954687574754e-03	1.405490e+01	-4.915498e-03	5.055864e-04	1.117089e-03
2.779837500074754e-03	1.405490e+01	-4.889304e-03	5.028676e-04	1.117092e-03
2.784720312574753e-03	1.405489e+01	-4.858511e-03	4.996975e-04	1.117096e-03
2.789603125074753e-03	1.405489e+01	-4.823145e-03	4.960364e-04	1.117101e-03
2.794485937574753e-03	1.405489e+01	-4.783242e-03	4.919303e-04	1.117106e-03
2.799368750074753e-03	1.405488e+01	-4.738839e-03	4.873406e-04	1.117112e-03
2.804251562574753e-03	1.405488e+01	-4.689978e-03	4.823141e-04	1.117119e-03
2.809134375074753e-03	1.405487e+01	-4.636703e-03	4.768131e-04	1.117126e-03
2.814017187574753e-03	1.405487e+01	-4.579068e-03	4.708852e-04	1.117133e-03
2.818900000074753e-03	1.405486e+01	-4.517122e-03	4.644935e-04	1.117141e-03
2.823782812574753e-03	1.405485e+01	-4.450929e-03	4.576865e-04	1.117150e-03
2.828665625074753e-03	1.405484e+01	-4.380547e-03	4.504282e-04	1.117159e-03
2.833548437574752e-03	1.405484e+01	-4.306044e-03	4.427678e-04	1.117169e-03
2.838431250074752e-03	1.405483e+01	-4.227489e-03	4.346701e-04	1.117180e-03
2.843314062574752e-03	1.405482e+01	-4.144959e-03	4.261851e-04	1.117190e-03
2.848196875074752e-03	1.405481e+01	-4.058527e-03	4.172786e-04	1.117202e-03
2.853079687574752e-03	1.405480e+01	-3.968279e-03	4.080011e-04	1.117214e-03
2.857962500074752e-03	1.405479e+01	-3.874296e-03	3.983190e-04	1.117226e-03
2.862845312574752e-03	1.405478e+01	-3.776670e-03	3.882839e-04	1.117239e-03
2.867728125074752e-03	1.405477e+01	-3.675489e-03	3.778629e-04	1.117252e-03
2.872610937574752e-03	1.405476e+01	-3.570852e-03	3.671081e-04	1.117266e-03
2.877493750074752e-03	1.405475e+01	-3.462855e-03	3.559871e-04	1.117280e-03
2.882376562574751e-03	1.405474e+01	-3.351601e-03	3.445531e-04	1.117295e-03
2.887259375074751e-03	1.405473e+01	-3.237193e-03	3.327742e-04	1.117310e-03
2.892142187574751e-03	1.405472e+01	-3.119742e-03	3.207040e-04	1.117326e-03
2.897025000074751e-03	1.405470e+01	-2.999354e-03	3.083114e-04	1.117341e-03
2.901907812574751e-03	1.405469e+01	-2.876146e-03	2.956506e-04	1.117358e-03
2.906790625074751e-03	1.405468e+01	-2.750232e-03	2.826908e-04	1.117374e-03
2.911673437574751e-03	1.405466e+01	-2.621732e-03	2.694870e-04	1.117391e-03
2.916556250074751e-03	1.405465e+01	-2.490765e-03	2.560090e-04	1.117409e-03
2.921439062574751e-03	1.405464e+01	-2.357457e-03	2.423119e-04	1.117426e-03
2.926321875074750e-03	1.405462e+01	-2.221930e-03	2.283662e-04	1.117444e-03
2.931204687574750e-03	1.405461e+01	-2.084314e-03	2.142275e-04	1.117462e-03
2.936087500074750e-03	1.405459e+01	-1.944738e-03	1.998667e-04	1.117480e-03
2.940970312574750e-03	1.405458e+01	-1.803334e-03	1.853396e-04	1.117499e-03
2.945853125074750e-03	1.405457e+01	-1.660233e-03	1.706176e-04	1.117518e-03
2.950735937574750e-03	1.405455e+01	-1.515572e-03	1.557569e-04	1.117537e-03
2.955618750074750e-03	1.405454e+01	-1.369485e-03	1.407291e-04	1.117556e-03
2.960501562574750e-03	1.405452e+01	-1.222112e-03	1.255907e-04	1.117576e-03
2.965384375074750e-03	1.405451e+01	-1.073589e-03	1.103136e-04	1.117595e-03
2.970267187574750e-03	1.405449e+01	-9.240587e-04	9.495460e-05	1.117615e-03
2.975150000074749e-03	1.405447e+01	-7.736588e-04	7.948570e-05	1.117635e-03
2.980032812574749e-03	1.405446e+01	-6.225337e-04	6.396395e-05	1.117655e-03
2.984915625074749e-03	1.405444e+01	-4.708229e-04	4.836144e-05	1.117675e-03
2.989798437574749e-03	1.405443e+01	-3.186719e-04	3.273529e-05	1.117695e-03
2.994681250074749e-03	1.405441e+01	-1.662212e-04	1.705783e-05	1.117715e-03
2.999564062574749e-03	1.405440e+01	-1.361700e-05	1.386309e-06	1.117735e-03
3.004446875074749e-03	1.405438e+01	1.389999e-04	-1.430715e-05	1.117755e-03
3.009329687574749e-03	1.405437e+01	2.914829e-04	-2.996519e-05	1.117775e-03
3.014212500074749e-03	1.405435e+01	4.436915e-04	-4.561551e-05	1.117795e-03
3.019095312574748e-03	1.405433e+01	5.954795e-04	-6.120103e-05	1.117815e-03
3.023978125074748e-03	1.405432e+01	7.467069e-04	-7.674949e-05	1.117835e-03
3.028860937574748e-03	1.405430e+01	8.972285e-04	-9.220375e-05	1.117855e-03
3.033743750074748e-03	1.405429e+01	1.046906e-03	-1.075918e-04	1.117875e-03
3.038626562574748e-03	1.405427e+01	1.195594e-03	-1.228566e-04	1.117894e-03
3.043509375074748e-03	1.405426e+01	1.343158e-03	-1.380264e-04	1.117914e-03
3.048392187574748e-03	1.405424e+01	1.489454e-03	-1.530443e-04	1.117933e-03
3.053275000074748e-03	1.405423e+01	1.634348e-03	-1.679388e-04	1.117952e-03
3.058157812574748e-03	1.405421e+01	1.777701e-03	-1.826532e-04	1.117971e-03
3.063040625074748e-03	1.405420e+01	1.919381e-03	-1.972163e-04	1.117990e-03
3.067923437574747e-03	1.405418e+01	2.059252e-03	-2.115719e-04	1.118008e-03
3.072806250074747e-03	1.405417e+01	2.197184e-03	-2.257489e-04	1.118026e-03
3.077689062574747e-03	1.405416e+01	2.333045e-03	-2.396915e-04	1.118044e-03
3.082571875074747e-03	1.405414e+01	2.466710e-03	-2.534291e-04	1.118062e-03
3.087454687574747e-03	1.405413e+01	2.598051e-03	-2.669062e-04	1.118079e-03
3.092337500074747e-03	1.405411e+01	2.726946e-03	-2.801527e-04	1.118096e-03
3.097220312574747e-03	1.405410e+01	2.853272e-03	-2.931137e-04	1.118112e-03
3.102103125074747e-03	1.405409e+01	2.976913e-03	-3.058193e-04	1.118129e-03
3.106985937574747e-03	1.405408e+01	3.097748e-03	-3.182152e-04	1.118145e-03
3.111868750074747e-03	1.405406e+01	3.215668e-03	-3.303322e-04	1.118160e-03
3.116751562574746e-03	1.405405e+01	3.330559e-03	-3.421163e-04	1.118175e-03
3.121634375074746e-03	1.405404e+01	3.442315e-03	-3.535991e-04	1.118190e-03
3.126517187574746e-03	1.405403e+01	3.550828e-03	-3.647271e-04	1.118204e-03
3.131400000074746e-03	1.405402e+01	3.655999e-03	-3.755325e-04	1.118218e-03
3.136282812574746e-03	1.405401e+01	3.757725e-03	-3.859626e-04	1.118232e-03
3.141165625074746e-03	1.405400e+01	3.855916e-03	-3.960500e-04	1.118244e-03
3.146048437574746e-03	1.405399e+01	3.950474e-03	-4.057427e-04	1.118257e-03
3.150931250074746e-03	1.405398e+01	4.041314e-03	-4.150742e-04	1.118269e-03
3.155814062574746e-03	1.405397e+01	4.128348e-03	-4.239931e-04	1.118280e-03
3.160696875074745e-03	1.405396e+01	4.211496e-03	-4.325336e-04	1.118291e-03
3.165579687574745e-03	1.405395e+01	4.290677e-03	-4.406451e-04	1.118302e-03
3.170462500074745e-03	1.405395e+01	4.365820e-03	-4.483625e-04	1.118312e-03
3.175345312574745e-03	1.405394e+01	4.436850e-03	-4.556360e-04	1.118321e-03
3.180228125074745e-03	1.405393e+01	4.503705e-03	-4.625013e-04	1.118330e-03
3.185110937574745e-03	1.405393e+01	4.566318e-03	-4.689095e-04	1.118338e-03
3.189993750074745e-03	1.405392e+01	4.624634e-03	-4.748969e-04	1.118346e-03
3.194876562574745e-03	1.405391e+01	4.678593e-03	-4.804155e-04	1.118353e-03
3.199759375074745e-03	1.405391e+01	4.728150e-03	-4.855026e-04	1.118359e-03
3.204642187574745e-03	1.405390e+01	4.773254e-03	-4.901109e-04	1.118365e-03
3.209525000074744e-03	1.405390e+01	4.813864e-03	-4.942784e-04	1.118371e-03
3.214407812574744e-03	1.405390e+01	4.849941e-03	-4.979590e-04	1.118375e-03
3.219290625074744e-03	1.405389e+01	4.881454e-03	-5.011915e-04	1.118379e-03
3.224173437574744e-03	1.405389e+01	4.908369e-03	-5.039304e-04	1.118383e-03
3.229056250074744e-03	1.405389e+01	4.930665e-03	-5.062157e-04	1.118386e-03
3.233939062574744e-03	1.405389e+01	4.948317e-03	-5.080026e-04	1.118388e-03
3.238821875074744e-03	1.405389e+01	4.961311e-03	-5.093321e-04	1.118390e-03
3.243704687574744e-03	1.405388e+01	4.969634e-03	-5.101604e-04	1.118391e-03
3.248587500074744e-03	1.405388e+01	4.973278e-03	-5.105291e-04	1.118391e-03
3.253470312574743e-03	1.405388e+01	4.972239e-03	-5.103955e-04	1.118391e-03
3.258353125074743e-03	1.405388e+01	4.966521e-03	-5.098021e-04	1.118390e-03
3.263235937574743e-03	1.405389e+01	4.956125e-03	-5.087071e-04	1.118389e-03
3.268118750074743e-03	1.405389e+01	4.941064e-03	-5.071539e-04	1.118387e-03
3.273001562574743e-03	1.405389e+01	4.921350e-03	-5.051016e-04	1.118384e-03
3.277884375074743e-03	1.405389e+01	4.897004e-03	-5.025944e-04	1.118381e-03
3.282767187574743e-03	1.405389e+01	4.868046e-03	-4.995924e-04	1.118377e-03
3.287650000074743e-03	1.405390e+01	4.834507e-03	-4.961409e-04	1.118373e-03
3.292532812574743e-03	1.405390e+01	4.796414e-03	-4.922004e-04	1.118368e-03
3.297415625074743e-03	1.405391e+01	4.753807e-03	-4.878174e-04	1.118362e-03
3.302298437574742e-03	1.405391e+01	4.706723e-03	-4.829534e-04	1.118356e-03
3.307181250074742e-03	1.405392e+01	4.655209e-03	-4.776554e-04	1.118349e-03
3.312064062574742e-03	1.405392e+01	4.599311e-03	-4.718861e-04	1.118342e-03
3.316946875074742e-03	1.405393e+01	4.539083e-03	-4.656932e-04	1.118334e-03
3.321829687574742e-03	1.405394e+01	4.474581e-03	-4.590401e-04	1.118326e-03
3.326712500074742e-03	1.405394e+01	4.405867e-03	-4.519757e-04	1.118316e-03
3.331595312574742e-03	1.405395e+01	4.333004e-03	-4.444640e-04	1.118307e-03
3.336478125074742e-03	1.405396e+01	4.256063e-03	-4.365545e-04	1.118297e-03
3.341360937574742e-03	1.405397e+01	4.175113e-03	-4.282124e-04	1.118286e-03
3.346243750074742e-03	1.405398e+01	4.090232e-03	-4.194877e-04	1.118275e-03
3.351126562574741e-03	1.405398e+01	4.001500e-03	-4.103465e-04	1.118263e-03
3.356009375074741e-03	1.405399e+01	3.909002e-03	-4.008395e-04	1.118251e-03
3.360892187574741e-03	1.405400e+01	3.812821e-03	-3.909335e-04	1.118238e-03
3.365775000074741e-03	1.405401e+01	3.713052e-03	-3.806801e-04	1.118225e-03
3.370657812574741e-03	1.405402e+01	3.609785e-03	-3.700466e-04	1.118211e-03
3.375540625074741e-03	1.405404e+01	3.503121e-03	-3.590853e-04	1.118197e-03
3.380423437574741e-03	1.405405e+01	3.393156e-03	-3.477642e-04	1.118183e-03
3.385306250074741e-03	1.405406e+01	3.279998e-03	-3.361363e-04	1.118168e-03
3.390189062574741e-03	1.405407e+01	3.163750e-03	-3.241703e-04	1.118153e-03
3.395071875074740e-03	1.405408e+01	3.044524e-03	-3.119197e-04	1.118137e-03
3.399954687574740e-03	1.405410e+01	2.922430e-03	-2.993536e-04	1.118121e-03
3.404837500074740e-03	1.405411e+01	2.797585e-03	-2.865263e-04	1.118104e-03
3.409720312574740e-03	1.405412e+01	2.670104e-03	-2.734076e-04	1.118088e-03
3.414603125074740e-03	1.405413e+01	2.540110e-03	-2.600520e-04	1.118070e-03
3.419485937574740e-03	1.405415e+01	2.407723e-03	-2.464297e-04	1.118053e-03
3.424368750074740e-03	1.405416e+01	2.273069e-03	-2.325961e-04	1.118035e-03
3.429251562574740e-03	1.405418e+01	2.136273e-03	-2.185216e-04	1.118017e-03
3.434134375074740e-03	1.405419e+01	1.997466e-03	-2.042620e-04	1.117999e-03
3.439017187574740e-03	1.405420e+01	1.856776e-03	-1.897884e-04	1.117980e-03
3.443900000074739e-03	1.405422e+01	1.714339e-03	-1.751566e-04	1.117962e-03
3.448782812574739e-03	1.405423e+01	1.570285e-03	-1.603380e-04	1.117943e-03
3.453665625074739e-03	1.405425e+01	1.424753e-03	-1.453891e-04	1.117924e-03
3.458548437574739e-03	1.405426e+01	1.277877e-03	-1.302814e-04	1.117904e-03
3.463431250074739e-03	1.405428e+01	1.129798e-03	-1.150718e-04	1.117885e-03
3.468314062574739e-03	1.405429e+01	9.806529e-04	-9.973177e-05	1.117865e-03
3.473196875074739e-03	1.405431e+01	8.305847e-04	-8.431845e-05	1.117845e-03
3.478079687574739e-03	1.405433e+01	6.797319e-04	-6.880391e-05	1.117825e-03
3.482962500074739e-03	1.405434e+01	5.282391e-04	-5.324512e-05	1.117805e-03
3.487845312574738e-03	1.405436e+01	3.762462e-04	-3.761430e-05	1.117785e-03
3.492728125074738e-03	1.405437e+01	2.238991e-04	-2.196864e-05	1.117765e-03
3.497610937574738e-03	1.405439e+01	7.133822e-05	-6.280306e-06	1.117745e-03
3.502493750074738e-03	1.405440e+01	-8.128994e-05	9.393315e-06	1.117725e-03
3.507376562574738e-03	1.405442e+01	-2.338446e-04	2.508008e-05	1.117705e-03
3.512259375074738e-03	1.405443e+01	-3.861793e-04	4.072266e-05	1.117685e-03
3.517142187574738e-03	1.405445e+01	-5.381535e-04	5.634886e-05	1.117665e-03
3.522025000074738e-03	1.405447e+01	-6.896213e-04	7.190145e-05	1.117645e-03
3.526907812574738e-03	1.405448e+01	-8.404431e-04	8.740835e-05	1.117625e-03
3.531790625074738e-03	1.405450e+01	-9.904741e-04	1.028124e-04	1.117605e-03
3.536673437574737e-03	1.405451e+01	-1.139576e-03	1.181416e-04	1.117586e-03
3.541556250074737e-03	1.405453e+01	-1.287605e-03	1.333391e-04	1.117566e-03
3.546439062574737e-03	1.405454e+01	-1.434426e-03	1.484330e-04	1.117547e-03
3.551321875074737e-03	1.405456e+01	-1.579896e-03	1.633667e-04	1.117528e-03
3.556204687574737e-03	1.405457e+01	-1.723883e-03	1.781685e-04	1.117509e-03
3.561087500074737e-03	1.405459e+01	-1.866247e-03	1.927821e-04	1.117490e-03
3.565970312574737e-03	1.405460e+01	-2.006858e-03	2.072362e-04	1.117471e-03
3.570853125074737e-03	1.405462e+01	-2.145580e-03	2.214747e-04	1.117453e-03
3.575735937574737e-03	1.405463e+01	-2.282286e-03	2.355266e-04	1.117435e-03
3.580618750074737e-03	1.405464e+01	-2.416844e-03	2.493364e-04	1.117417e-03
3.585501562574736e-03	1.405466e+01	-2.549131e-03	2.629333e-04	1.117400e-03
3.590384375074736e-03	1.405467e+01	-2.679018e-03	2.762623e-04	1.117383e-03
3.595267187574736e-03	1.405468e+01	-2.806387e-03	2.893531e-04	1.117366e-03
3.600150000074736e-03	1.405470e+01	-2.931115e-03	3.021510e-04	1.117350e-03
3.605032812574736e-03	1.405471e+01	-3.053087e-03	3.146865e-04	1.117334e-03
3.609915625074736e-03	1.405472e+01	-3.172186e-03	3.269052e-04	1.117318e-03
3.614798437574736e-03	1.405473e+01	-3.288302e-03	3.388382e-04	1.117303e-03
3.619681250074736e-03	1.405474e+01	-3.401323e-03	3.504316e-04	1.117288e-03
3.624564062574736e-03	1.405476e+01	-3.511147e-03	3.617172e-04	1.117273e-03
3.629446875074735e-03	1.405477e+01	-3.617666e-03	3.726417e-04	1.117259e-03
3.634329687574735e-03	1.405478e+01	-3.720783e-03	3.832374e-04	1.117246e-03
3.639212500074735e-03	1.405479e+01	-3.820398e-03	3.934518e-04	1.117233e-03
3.644095312574735e-03	1.405480e+01	-3.916421e-03	4.033179e-04	1.117220e-03
3.648978125074735e-03	1.405481e+01	-4.008758e-03	4.127837e-04	1.117208e-03
3.653860937574735e-03	1.405482e+01	-4.097325e-03	4.218829e-04	1.117196e-03
3.658743750074735e-03	1.405482e+01	-4.182036e-03	4.305645e-04	1.117185e-03
3.663626562574735e-03	1.405483e+01	-4.262813e-03	4.388627e-04	1.117174e-03
3.668509375074735e-03	1.405484e+01	-4.339579e-03	4.467272e-04	1.117164e-03
3.673392187574735e-03	1.405485e+01	-4.412264e-03	4.541932e-04	1.117155e-03
3.678275000074734e-03	1.405486e+01	-4.480796e-03	4.612111e-04	1.117146e-03
3.683157812574734e-03	1.405486e+01	-4.545114e-03	4.678168e-04	1.117137e-03
3.688040625074734e-03	1.405487e+01	-4.605155e-03	4.739616e-04	1.117129e-03
3.692923437574734e-03	1.405487e+01	-4.660864e-03	4.796822e-04	1.117122e-03
3.697806250074734e-03	1.405488e+01	-4.712187e-03	4.849308e-04	1.117115e-03
3.702689062574734e-03	1.405488e+01	-4.759077e-03	4.897447e-04	1.117109e-03
3.707571875074734e-03	1.405489e+01	-4.801489e-03	4.940771e-04	1.117104e-03
3.712454687574734e-03	1.405489e+01	-4.839385e-03	4.979664e-04	1.117098e-03
3.717337500074734e-03	1.405490e+01	-4.872726e-03	5.013664e-04	1.117094e-03
3.722220312574734e-03	1.405490e+01	-4.901485e-03	5.043164e-04	1.117090e-03
3.727103125074733e-03	1.405490e+01	-4.925630e-03	5.067711e-04	1.117087e-03
3.731985937574733e-03	1.405490e+01	-4.945142e-03	5.087708e-04	1.117085e-03
3.736868750074733e-03	1.405490e+01	-4.960001e-03	5.102709e-04	1.117083e-03
3.741751562574733e-03	1.405491e+01	-4.970194e-03	5.113127e-04	1.117081e-03
3.746634375074733e-03	1.405491e+01	-4.975710e-03	5.118526e-04	1.117081e-03
3.751517187574733e-03	1.405491e+01	-4.976545e-03	5.119327e-04	1.117081e-03
3.756400000074733e-03	1.405491e+01	-4.972697e-03	5.115102e-04	1.117081e-03
3.761282812574733e-03	1.405490e+01	-4.964172e-03	5.106283e-04	1.117082e-03
3.766165625074733e-03	1.405490e+01	-4.950975e-03	5.092451e-04	1.117084e-03
3.771048437574732e-03	1.405490e+01	-4.933121e-03	5.074045e-04	1.117086e-03
3.775931250074732e-03	1.405490e+01	-4.910625e-03	5.050658e-04	1.117089e-03
3.780814062574732e-03	1.405490e+01	-4.883509e-03	5.022735e-04	1.117093e-03
3.785696875074732e-03	1.405489e+01	-4.851798e-03	4.989879e-04	1.117097e-03
3.790579687574732e-03	1.405489e+01	-4.815523e-03	4.952545e-04	1.117102e-03
3.795462500074732e-03	1.405489e+01	-4.774716e-03	4.910344e-04	1.117107e-03
3.800345312574732e-03	1.405488e+01	-4.729419e-03	4.863740e-04	1.117113e-03
3.805228125074732e-03	1.405488e+01	-4.679670e-03	4.812352e-04	1.117120e-03
3.810110937574732e-03	1.405487e+01	-4.625520e-03	4.756654e-04	1.117127e-03
3.814993750074732e-03	1.405486e+01	-4.567017e-03	4.696273e-04	1.117135e-03
3.819876562574731e-03	1.405486e+01	-4.504219e-03	4.631691e-04	1.117143e-03
3.824759375074731e-03	1.405485e+01	-4.437181e-03	4.562542e-04	1.117152e-03
3.829642187574731e-03	1.405484e+01	-4.365970e-03	4.489319e-04	1.117161e-03
3.834525000074731e-03	1.405484e+01	-4.290651e-03	4.411665e-04	1.117171e-03
3.839407812574731e-03	1.405483e+01	-4.211296e-03	4.330077e-04	1.117182e-03
3.844290625074731e-03	1.405482e+01	-4.127978e-03	4.244208e-04	1.117193e-03
3.849173437574731e-03	1.405481e+01	-4.040777e-03	4.154563e-04	1.117204e-03
3.854056250074731e-03	1.405480e+01	-3.949774e-03	4.060802e-04	1.117216e-03
3.858939062574731e-03	1.405479e+01	-3.855056e-03	3.963438e-04	1.117229e-03
3.863821875074730e-03	1.405478e+01	-3.756711e-03	3.862138e-04	1.117242e-03
3.868704687574730e-03	1.405477e+01	-3.654832e-03	3.757422e-04	1.117255e-03
3.873587500074730e-03	1.405476e+01	-3.549514e-03	3.648963e-04	1.117269e-03
3.878470312574730e-03	1.405475e+01	-3.440858e-03	3.537289e-04	1.117283e-03
3.883353125074730e-03	1.405474e+01	-3.328964e-03	3.422080e-04	1.117298e-03
3.888235937574730e-03	1.405472e+01	-3.213940e-03	3.303870e-04	1.117313e-03
3.893118750074730e-03	1.405471e+01	-3.095891e-03	3.182343e-04	1.117329e-03
3.898001562574730e-03	1.405470e+01	-2.974931e-03	3.058042e-04	1.117345e-03
3.902884375074730e-03	1.405469e+01	-2.851172e-03	2.930656e-04	1.117361e-03
3.907767187574730e-03	1.405468e+01	-2.724732e-03	2.800731e-04	1.117378e-03
3.912650000074729e-03	1.405466e+01	-2.595728e-03	2.667964e-04	1.117395e-03
3.917532812574729e-03	1.405465e+01	-2.464284e-03	2.532905e-04	1.117412e-03
3.922415625074729e-03	1.405463e+01	-2.330520e-03	2.395257e-04	1.117430e-03
3.927298437574729e-03	1.405462e+01	-2.194567e-03	2.255573e-04	1.117448e-03
3.932181250074729e-03	1.405461e+01	-2.056548e-03	2.113562e-04	1.117466e-03
3.937064062574729e-03	1.405459e+01	-1.916596e-03	1.969780e-04	1.117484e-03
3.941946875074729e-03	1.405458e+01	-1.774841e-03	1.823939e-04	1.117503e-03
3.946829687574729e-03	1.405456e+01	-1.631418e-03	1.676599e-04	1.117522e-03
3.951712500074729e-03	1.405455e+01	-1.486460e-03	1.527477e-04	1.117541e-03
3.956595312574729e-03	1.405453e+01	-1.340106e-03	1.377137e-04	1.117560e-03
3.961478125074728e-03	1.405452e+01	-1.192491e-03	1.225294e-04	1.117580e-03
3.966360937574728e-03	1.405450e+01	-1.043756e-03	1.072518e-04	1.117599e-03
3.971243750074728e-03	1.405449e+01	-8.940396e-04	9.185264e-05	1.117619e-03
3.976126562574728e-03	1.405447e+01	-7.434844e-04	7.638901e-05	1.117639e-03
3.981009375074728e-03	1.405446e+01	-5.922297e-04	6.083291e-05	1.117659e-03
3.985892187574728e-03	1.405444e+01	-4.404205e-04	4.524147e-05	1.117679e-03
3.990775000074728e-03	1.405442e+01	-2.881970e-04	2.958696e-05	1.117699e-03
3.995657812574728e-03	1.405441e+01	-1.357052e-04	1.392646e-05	1.117719e-03
4.000540625074728e-03	1.405439e+01	1.691416e-05	-1.767667e-06	1.117739e-03
4.005423437574727e-03	1.405438e+01	1.695146e-04	-1.743817e-05	1.117759e-03
4.010306250074727e-03	1.405436e+01	3.219554e-04	-3.311283e-05	1.117779e-03
4.015189062574727e-03	1.405435e+01	4.740902e-04	-4.873444e-05	1.117799e-03
4.020071875074727e-03	1.405433e+01	6.257786e-04	-6.433068e-05	1.117819e-03
4.024954687574727e-03	1.405431e+01	7.768751e-04	-7.984447e-05	1.117839e-03
4.029837500074727e-03	1.405430e+01	9.272402e-04	-9.530367e-05	1.117859e-03
4.034720312574727e-03	1.405428e+01	1.076730e-03	-1.106512e-04	1.117879e-03
4.039603125074727e-03	1.405427e+01	1.225206e-03	-1.259151e-04	1.117898e-03
4.044485937574727e-03	1.405425e+01	1.372526e-03	-1.410387e-04	1.117917e-03
4.049368750074727e-03	1.405424e+01	1.518554e-03	-1.560501e-04	1.117937e-03
4.054251562574726e-03	1.405422e+01	1.663149e-03	-1.708926e-04	1.117956e-03
4.059134375074726e-03	1.405421e+01	1.806180e-03	-1.855949e-04	1.117975e-03
4.064017187574726e-03	1.405419e+01	1.947507e-03	-2.001006e-04	1.117993e-03
4.068900000074726e-03	1.405418e+01	2.087001e-03	-2.144385e-04	1.118012e-03
4.073782812574726e-03	1.405417e+01	2.224528e-03	-2.285527e-04	1.118030e-03
4.078665625074726e-03	1.405415e+01	2.359962e-03	-2.424723e-04	1.118048e-03
4.083548437574726e-03	1.405414e+01	2.493171e-03	-2.561419e-04	1.118065e-03
4.088431250074726e-03	1.405412e+01	2.624034e-03	-2.695909e-04	1.118082e-03
4.093314062574726e-03	1.405411e+01	2.752424e-03	-2.827643e-04	1.118099e-03
4.098196875074725e-03	1.405410e+01	2.878223e-03	-2.956922e-04	1.118116e-03
4.103079687574725e-03	1.405409e+01	3.001311e-03	-3.083198e-04	1.118132e-03
4.107962500074725e-03	1.405407e+01	3.121573e-03	-3.206778e-04	1.118148e-03
4.112845312574725e-03	1.405406e+01	3.238895e-03	-3.327121e-04	1.118163e-03
4.117728125074725e-03	1.405405e+01	3.353168e-03	-3.444539e-04	1.118178e-03
4.122610937574725e-03	1.405404e+01	3.464283e-03	-3.558495e-04	1.118193e-03
4.127493750074725e-03	1.405403e+01	3.572137e-03	-3.669309e-04	1.118207e-03
4.132376562574725e-03	1.405402e+01	3.676625e-03	-3.776450e-04	1.118221e-03
4.137259375074725e-03	1.405401e+01	3.777654e-03	-3.880243e-04	1.118234e-03
4.142142187574725e-03	1.405400e+01	3.875124e-03	-3.980165e-04	1.118247e-03
4.147025000074724e-03	1.405399e+01	3.968947e-03	-4.076547e-04	1.118259e-03
4.151907812574724e-03	1.405398e+01	4.059031e-03	-4.168874e-04	1.118271e-03
4.156790625074724e-03	1.405397e+01	4.145295e-03	-4.257483e-04	1.118283e-03
4.161673437574724e-03	1.405396e+01	4.227654e-03	-4.341866e-04	1.118293e-03
4.166556250074724e-03	1.405395e+01	4.306035e-03	-4.422368e-04	1.118304e-03
4.171439062574724e-03	1.405394e+01	4.380360e-03	-4.498490e-04	1.118314e-03
4.176321875074724e-03	1.405394e+01	4.450561e-03	-4.570585e-04	1.118323e-03
4.181204687574724e-03	1.405393e+01	4.516572e-03	-4.638159e-04	1.118331e-03
4.186087500074724e-03	1.405392e+01	4.578331e-03	-4.701573e-04	1.118340e-03
4.190970312574724e-03	1.405392e+01	4.635779e-03	-4.760344e-04	1.118347e-03
4.195853125074723e-03	1.405391e+01	4.688863e-03	-4.814841e-04	1.118354e-03
4.200735937574723e-03	1.405391e+01	4.737531e-03	-4.864588e-04	1.118360e-03
4.205618750074723e-03	1.405390e+01	4.781740e-03	-4.909963e-04	1.118366e-03
4.210501562574723e-03	1.405390e+01	4.821446e-03	-4.950498e-04	1.118371e-03
4.215384375074723e-03	1.405390e+01	4.856614e-03	-4.986579e-04	1.118376e-03
4.220267187574723e-03	1.405389e+01	4.887208e-03	-5.017750e-04	1.118380e-03
4.225150000074723e-03	1.405389e+01	4.913203e-03	-5.044403e-04	1.118384e-03
4.230032812574723e-03	1.405389e+01	4.934570e-03	-5.066091e-04	1.118386e-03
4.234915625074723e-03	1.405389e+01	4.951293e-03	-5.083217e-04	1.118389e-03
4.239798437574722e-03	1.405389e+01	4.963353e-03	-5.095340e-04	1.118390e-03
4.244681250074722e-03	1.405388e+01	4.970741e-03	-5.102874e-04	1.118391e-03
4.249564062574722e-03	1.405388e+01	4.973448e-03	-5.105387e-04	1.118391e-03
4.254446875074722e-03	1.405388e+01	4.971474e-03	-5.103301e-04	1.118391e-03
4.259329687574722e-03	1.405388e+01	4.964819e-03	-5.096193e-04	1.118390e-03
4.264212500074722e-03	1.405389e+01	4.953490e-03	-5.084496e-04	1.118389e-03
4.269095312574722e-03	1.405389e+01	4.937496e-03	-5.067795e-04	1.118387e-03
4.273978125074722e-03	1.405389e+01	4.916855e-03	-5.046530e-04	1.118384e-03
4.278860937574722e-03	1.405389e+01	4.891584e-03	-5.020296e-04	1.118381e-03
4.283743750074722e-03	1.405390e+01	4.861708e-03	-4.989544e-04	1.118377e-03
4.288626562574721e-03	1.405390e+01	4.827254e-03	-4.953879e-04	1.118372e-03
4.293509375074721e-03	1.405390e+01	4.788257e-03	-4.913756e-04	1.118367e-03
4.298392187574721e-03	1.405391e+01	4.744750e-03	-4.868790e-04	1.118361e-03
4.303275000074721e-03	1.405391e+01	4.696778e-03	-4.819448e-04	1.118355e-03
4.308157812574721e-03	1.405392e+01	4.644381e-03	-4.765352e-04	1.118348e-03
4.313040625074721e-03	1.405392e+01	4.587614e-03	-4.706977e-04	1.118340e-03
4.317923437574721e-03	1.405393e+01	4.526526e-03	-4.643953e-04	1.118332e-03
4.322806250074721e-03	1.405394e+01	4.461178e-03	-4.576764e-04	1.118324e-03
4.327689062574721e-03	1.405394e+01	4.391627e-03	-4.505050e-04	1.118315e-03
4.332571875074720e-03	1.405395e+01	4.317944e-03	-4.429301e-04	1.118305e-03
4.337454687574720e-03	1.405396e+01	4.240194e-03	-4.349166e-04	1.118295e-03
4.342337500074720e-03	1.405397e+01	4.158453e-03	-4.265143e-04	1.118284e-03
4.347220312574720e-03	1.405398e+01	4.072795e-03	-4.176887e-04	1.118273e-03
4.352103125074720e-03	1.405399e+01	3.983303e-03	-4.084906e-04	1.118261e-03
4.356985937574720e-03	1.405400e+01	3.890060e-03	-3.988861e-04	1.118248e-03
4.361868750074720e-03	1.405401e+01	3.793155e-03	-3.889268e-04	1.118236e-03
4.366751562574720e-03	1.405402e+01	3.692678e-03	-3.785796e-04	1.118222e-03
4.371634375074720e-03	1.405403e+01	3.588725e-03	-3.678967e-04	1.118209e-03
4.376517187574720e-03	1.405404e+01	3.481391e-03	-3.568457e-04	1.118195e-03
4.381400000074719e-03	1.405405e+01	3.370781e-03	-3.454793e-04	1.118180e-03
4.386282812574719e-03	1.405406e+01	3.256995e-03	-3.337660e-04	1.118165e-03
4.391165625074719e-03	1.405407e+01	3.140144e-03	-3.217591e-04	1.118150e-03
4.396048437574719e-03	1.405408e+01	3.020334e-03	-3.094274e-04	1.118134e-03
4.400931250074719e-03	1.405410e+01	2.897681e-03	-2.968251e-04	1.118118e-03
4.405814062574719e-03	1.405411e+01	2.772299e-03	-2.839217e-04	1.118101e-03
4.410696875074719e-03	1.405412e+01	2.644307e-03	-2.707714e-04	1.118084e-03
4.415579687574719e-03	1.405414e+01	2.513823e-03	-2.573445e-04	1.118067e-03
4.420462500074719e-03	1.405415e+01	2.380973e-03	-2.436959e-04	1.118049e-03
4.425345312574719e-03	1.405416e+01	2.245880e-03	-2.297961e-04	1.118032e-03
4.430228125074718e-03	1.405418e+01	2.108672e-03	-2.157006e-04	1.118014e-03
4.435110937574718e-03	1.405419e+01	1.969477e-03	-2.013801e-04	1.117995e-03
4.439993750074718e-03	1.405421e+01	1.828428e-03	-1.868907e-04	1.117977e-03
4.444876562574718e-03	1.405422e+01	1.685656e-03	-1.722035e-04	1.117958e-03
4.449759375074718e-03	1.405424e+01	1.541296e-03	-1.573747e-04	1.117939e-03
4.454642187574718e-03	1.405425e+01	1.395483e-03	-1.423759e-04	1.117920e-03
4.459525000074718e-03	1.405427e+01	1.248357e-03	-1.272637e-04	1.117900e-03
4.464407812574718e-03	1.405428e+01	1.100053e-03	-1.120098e-04	1.117881e-03
4.469290625074718e-03	1.405430e+01	9.507128e-04	-9.667096e-05	1.117861e-03
4.474173437574717e-03	1.405431e+01	8.004752e-04	-8.121928e-05	1.117841e-03
4.479056250074717e-03	1.405433e+01	6.494842e-04	-6.571165e-05	1.117821e-03
4.483939062574717e-03	1.405434e+01	4.978788e-04	-5.012037e-05	1.117801e-03
4.488821875074717e-03	1.405436e+01	3.458048e-04	-3.450238e-05	1.117781e-03
4.493704687574717e-03	1.405438e+01	1.934022e-04	-1.882999e-05	1.117761e-03
4.498587500074717e-03	1.405439e+01	4.081757e-05	-3.160430e-06	1.117741e-03
4.503470312574717e-03	1.405441e+01	-1.118085e-04	1.253397e-05	1.117721e-03
4.508353125074717e-03	1.405442e+01	-2.643295e-04	2.819606e-05	1.117701e-03
4.513235937574717e-03	1.405444e+01	-4.166047e-04	4.385359e-05	1.117681e-03
4.518118750074717e-03	1.405445e+01	-5.684879e-04	5.944923e-05	1.117661e-03
4.523001562574716e-03	1.405447e+01	-7.198391e-04	7.501087e-05	1.117641e-03
4.527884375074716e-03	1.405449e+01	-8.705129e-04	9.048133e-05	1.117621e-03
4.532767187574716e-03	1.405450e+01	-1.020370e-03	1.058886e-04	1.117601e-03
4.537650000074716e-03	1.405452e+01	-1.169268e-03	1.211757e-04	1.117582e-03
4.542532812574716e-03	1.405453e+01	-1.317068e-03	1.363705e-04	1.117562e-03
4.547415625074716e-03	1.405455e+01	-1.463628e-03	1.514165e-04	1.117543e-03
4.552298437574716e-03	1.405456e+01	-1.608814e-03	1.663419e-04	1.117524e-03
4.557181250074716e-03	1.405458e+01	-1.752486e-03	1.810903e-04	1.117505e-03
4.562064062574716e-03	1.405459e+01	-1.894511e-03	1.956901e-04	1.117486e-03
4.566946875074715e-03	1.405460e+01	-2.034754e-03	2.100851e-04	1.117468e-03
4.571829687574715e-03	1.405462e+01	-2.173084e-03	2.243043e-04	1.117449e-03
4.576712500074715e-03	1.405463e+01	-2.309370e-03	2.382919e-04	1.117432e-03
4.581595312574715e-03	1.405465e+01	-2.443484e-03	2.520771e-04	1.117414e-03
4.586478125074715e-03	1.405466e+01	-2.575300e-03	2.656045e-04	1.117397e-03
4.591360937574715e-03	1.405467e+01	-2.704694e-03	2.789038e-04	1.117380e-03
4.596243750074715e-03	1.405469e+01	-2.831543e-03	2.919200e-04	1.117363e-03
4.601126562574715e-03	1.405470e+01	-2.955731e-03	3.046834e-04	1.117346e-03
4.606009375074715e-03	1.405471e+01	-3.077136e-03	3.171395e-04	1.117331e-03
4.610892187574715e-03	1.405472e+01	-3.195648e-03	3.293190e-04	1.117315e-03
4.615775000074714e-03	1.405474e+01	-3.311153e-03	3.411679e-04	1.117300e-03
4.620657812574714e-03	1.405475e+01	-3.423545e-03	3.527176e-04	1.117285e-03
4.625540625074714e-03	1.405476e+01	-3.532714e-03	3.639148e-04	1.117270e-03
4.630423437574714e-03	1.405477e+01	-3.638562e-03	3.747914e-04	1.117257e-03
4.635306250074714e-03	1.405478e+01	-3.740985e-03	3.852946e-04	1.117243e-03
4.640189062574714e-03	1.405479e+01	-3.839890e-03	3.954571e-04	1.117230e-03
4.645071875074714e-03	1.405480e+01	-3.935182e-03	4.052268e-04	1.117217e-03
4.649954687574714e-03	1.405481e+01	-4.026773e-03	4.146371e-04	1.117205e-03
4.654837500074714e-03	1.405482e+01	-4.114574e-03	4.236364e-04	1.117194e-03
4.659720312574714e-03	1.405483e+01	-4.198506e-03	4.322590e-04	1.117183e-03
4.664603125074713e-03	1.405484e+01	-4.278486e-03	4.404541e-04	1.117172e-03
4.669485937574713e-03	1.405484e+01	-4.354442e-03	4.482565e-04	1.117162e-03
4.674368750074713e-03	1.405485e+01	-4.426301e-03	4.556164e-04	1.117153e-03
4.679251562574713e-03	1.405486e+01	-4.493996e-03	4.625693e-04	1.117144e-03
4.684134375074713e-03	1.405486e+01	-4.557462e-03	4.690664e-04	1.117136e-03
4.689017187574713e-03	1.405487e+01	-4.616642e-03	4.751438e-04	1.117128e-03
4.693900000074713e-03	1.405488e+01	-4.671477e-03	4.807533e-04	1.117121e-03
4.698782812574713e-03	1.405488e+01	-4.721918e-03	4.859323e-04	1.117114e-03
4.703665625074713e-03	1.405488e+01	-4.767915e-03	4.906334e-04	1.117108e-03
4.708548437574712e-03	1.405489e+01	-4.809428e-03	4.948945e-04	1.117102e-03
4.713431250074712e-03	1.405489e+01	-4.846415e-03	4.986692e-04	1.117098e-03
4.718314062574712e-03	1.405490e+01	-4.878843e-03	5.019964e-04	1.117093e-03
4.723196875074712e-03	1.405490e+01	-4.906680e-03	5.048306e-04	1.117090e-03
4.728079687574712e-03	1.405490e+01	-4.929901e-03	5.072114e-04	1.117087e-03
4.732962500074712e-03	1.405490e+01	-4.948483e-03	5.090943e-04	1.117084e-03
4.737845312574712e-03	1.405490e+01	-4.962410e-03	5.105199e-04	1.117082e-03
4.742728125074712e-03	1.405491e+01	-4.971667e-03	5.114443e-04	1.117081e-03
4.747610937574712e-03	1.405491e+01	-4.976248e-03	5.119093e-04	1.117081e-03
4.752493750074712e-03	1.405491e+01	-4.976146e-03	5.118719e-04	1.117081e-03
4.757376562574711e-03	1.405491e+01	-4.971363e-03	5.113745e-04	1.117081e-03
4.762259375074711e-03	1.405490e+01	-4.961902e-03	5.103752e-04	1.117083e-03
4.767142187574711e-03	1.405490e+01	-4.947773e-03	5.089174e-04	1.117084e-03
4.772025000074711e-03	1.405490e+01	-4.928988e-03	5.069601e-04	1.117087e-03
4.776907812574711e-03	1.405490e+01	-4.905567e-03	5.045474e-04	1.117090e-03
4.781790625074711e-03	1.405490e+01	-4.877530e-03	5.016393e-04	1.117094e-03
4.786673437574711e-03	1.405489e+01	-4.844904e-03	4.982809e-04	1.117098e-03
4.791556250074711e-03	1.405489e+01	-4.807719e-03	4.944328e-04	1.117103e-03
4.796439062574711e-03	1.405488e+01	-4.766012e-03	4.901413e-04	1.117109e-03
4.801321875074710e-03	1.405488e+01	-4.719819e-03	4.853679e-04	1.117115e-03
4.806204687574710e-03	1.405487e+01	-4.669188e-03	4.801595e-04	1.117121e-03
4.811087500074710e-03	1.405487e+01	-4.614162e-03	4.744786e-04	1.117129e-03
4.815970312574710e-03	1.405486e+01	-4.554796e-03	4.683730e-04	1.117136e-03
4.820853125074710e-03	1.405486e+01	-4.491144e-03	4.618059e-04	1.117145e-03
4.825735937574710e-03	1.405485e+01	-4.423268e-03	4.548261e-04	1.117154e-03
4.830618750074710e-03	1.405484e+01	-4.351229e-03	4.473976e-04	1.117163e-03
4.835501562574710e-03	1.405483e+01	-4.275098e-03	4.395698e-04	1.117173e-03
4.840384375074710e-03	1.405483e+01	-4.194943e-03	4.313079e-04	1.117184e-03
4.845267187574710e-03	1.405482e+01	-4.110843e-03	4.226617e-04	1.117195e-03
4.850150000074709e-03	1.405481e+01	-4.022874e-03	4.135973e-04	1.117207e-03
4.855032812574709e-03	1.405480e+01	-3.931122e-03	4.041654e-04	1.117219e-03
4.859915625074709e-03	1.405479e+01	-3.835670e-03	3.943325e-04	1.117231e-03
4.864798437574709e-03	1.405478e+01	-3.736612e-03	3.841504e-04	1.117244e-03
4.869681250074709e-03	1.405477e+01	-3.634037e-03	3.735862e-04	1.117258e-03
4.874564062574709e-03	1.405476e+01	-3.528044e-03	3.626922e-04	1.117272e-03
4.879446875074709e-03	1.405475e+01	-3.418731e-03	3.514362e-04	1.117286e-03
4.884329687574709e-03	1.405473e+01	-3.306204e-03	3.398714e-04	1.117301e-03
4.889212500074709e-03	1.405472e+01	-3.190564e-03	3.279662e-04	1.117316e-03
4.894095312574709e-03	1.405471e+01	-3.071926e-03	3.157741e-04	1.117332e-03
4.898978125074708e-03	1.405470e+01	-2.950396e-03	3.032643e-04	1.117348e-03
4.903860937574708e-03	1.405469e+01	-2.826092e-03	2.904909e-04	1.117364e-03
4.908743750074708e-03	1.405467e+01	-2.699128e-03	2.774236e-04	1.117381e-03
4.913626562574708e-03	1.405466e+01	-2.569627e-03	2.641171e-04	1.117398e-03
4.918509375074708e-03	1.405465e+01	-2.437708e-03	2.505414e-04	1.117415e-03
4.923392187574708e-03	1.405463e+01	-2.303498e-03	2.367519e-04	1.117433e-03
4.928275000074708e-03	1.405462e+01	-2.167120e-03	2.227189e-04	1.117451e-03
4.933157812574708e-03	1.405460e+01	-2.028705e-03	2.084982e-04	1.117469e-03
4.938040625074708e-03	1.405459e+01	-1.888381e-03	1.940607e-04	1.117488e-03
4.942923437574707e-03	1.405457e+01	-1.746282e-03	1.794625e-04	1.117507e-03
4.947806250074707e-03	1.405456e+01	-1.602541e-03	1.646749e-04	1.117526e-03
4.952689062574707e-03	1.405454e+01	-1.457294e-03	1.497541e-04	1.117545e-03
4.957571875074707e-03	1.405453e+01	-1.310675e-03	1.346718e-04	1.117564e-03
4.962454687574707e-03	1.405451e+01	-1.162826e-03	1.194848e-04	1.117583e-03
4.967337500074707e-03	1.405450e+01	-1.013883e-03	1.041648e-04	1.117603e-03
4.972220312574707e-03	1.405448e+01	-8.639882e-04	8.876854e-05	1.117623e-03
4.977103125074707e-03	1.405447e+01	-7.132807e-04	7.326825e-05	1.117643e-03
4.981985937574707e-03	1.405445e+01	-5.619048e-04	5.772090e-05	1.117663e-03
4.986868750074707e-03	1.405444e+01	-4.100002e-04	4.209869e-05	1.117683e-03
4.991751562574706e-03	1.405442e+01	-2.577126e-04	2.645875e-05	1.117703e-03
4.996634375074706e-03	1.405441e+01	-1.051827e-04	1.077340e-05	1.117723e-03
5.000000000000000e-03	1.405439e+01	1.727364e-08	-2.668009e-08	1.117737e-03
