time	V(vi)	V(vo)
0.000000000000000e+00	0.000000e+00	0.000000e+00
9.142856884279487e-09	4.308470e-05	2.676851e-06
1.828571376855897e-08	8.616940e-05	8.432841e-06
2.742857065283846e-08	1.292541e-04	1.726797e-05
3.657142753711795e-08	1.723388e-04	2.918224e-05
4.571428442139743e-08	2.154235e-04	4.417565e-05
5.485714130567693e-08	2.585082e-04	6.224819e-05
6.399999818995639e-08	3.015929e-04	8.339988e-05
9.862939601873577e-08	4.647801e-04	1.780592e-04
1.499112382641676e-07	7.064401e-04	3.550724e-04
2.154707274554667e-07	1.015382e-03	6.198441e-04
3.167667278393581e-07	1.492728e-03	1.068656e-03
4.602912563215951e-07	2.169071e-03	1.734650e-03
8.621488719294855e-06	4.062919e-02	4.019304e-02
1.678268618226811e-05	7.908603e-02	7.864796e-02
2.494388364524137e-05	1.175396e-01	1.170994e-01
3.310508110821464e-05	1.559899e-01	1.555474e-01
4.126627857118789e-05	1.944369e-01	1.939920e-01
4.942747603416116e-05	2.328806e-01	2.324330e-01
5.758867349713440e-05	2.713210e-01	2.708706e-01
1.149197711038605e-04	5.410762e-01	5.405470e-01
1.762236304932375e-04	8.287385e-01	8.280664e-01
2.404916107910334e-04	1.128982e+00	1.128306e+00
3.623189881511019e-04	1.692679e+00	1.692084e+00
4.587853632166788e-04	2.132157e+00	2.131607e+00
6.517181133478326e-04	2.986038e+00	2.985561e+00
7.957726900394980e-04	3.595683e+00	3.595099e+00
9.268077123528516e-04	4.124788e+00	4.122288e+00
1.056100134367893e-03	4.619483e+00	4.601161e+00
1.176876976376192e-03	5.054132e+00	4.965443e+00
1.328344526007541e-03	5.557828e+00	5.249317e+00
1.566122622151845e-03	6.245490e+00	5.457910e+00
1.837798485002739e-03	6.860122e+00	5.565667e+00
2.127388797551340e-03	7.295394e+00	5.618295e+00
2.509374443935754e-03	7.499870e+00	5.637067e+00
2.665264546717372e-03	7.459602e+00	5.634289e+00
2.918916817677872e-03	7.241692e+00	5.613986e+00
3.329101240769529e-03	6.505139e+00	5.509423e+00
3.670479906093220e-03	5.561546e+00	5.250937e+00
3.966319019382422e-03	4.535798e+00	4.523210e+00
4.270476905934234e-03	3.318671e+00	3.318879e+00
4.648905299345291e-03	1.641108e+00	1.641429e+00
5.004942696811544e-03	-2.329187e-02	-2.299615e-02
5.662997995663420e-03	-3.034723e+00	-3.034387e+00
6.002386674935240e-03	-4.417483e+00	-4.409396e+00
6.329615829391693e-03	-5.561849e+00	-5.250986e+00
6.370881953214069e-03	-5.690423e+00	-5.301417e+00
6.453414200858820e-03	-5.936010e+00	-5.380715e+00
6.618478696148324e-03	-6.378691e+00	-5.485497e+00
6.948607686727333e-03	-7.054380e+00	-5.591239e+00
7.325329211521966e-03	-7.454877e+00	-5.633199e+00
7.584857919741662e-03	-7.489342e+00	-5.636250e+00
7.788150464913884e-03	-7.377413e+00	-5.626977e+00
8.118213247554379e-03	-6.941272e+00	-5.576813e+00
8.646953566346267e-03	-5.635316e+00	-5.280751e+00
8.989432998349936e-03	-4.448577e+00	-4.439927e+00
9.320259050656051e-03	-3.106706e+00	-3.106938e+00
9.608691725005782e-03	-1.825475e+00	-1.825805e+00
9.892952637451257e-03	-5.040686e-01	-5.043483e-01
1.046147446234221e-02	2.144304e+00	2.143968e+00
1.093753301386507e-02	4.166906e+00	4.163975e+00
1.099542284729155e-02	4.390921e+00	4.383660e+00
1.111120251414452e-02	4.821237e+00	4.781367e+00
1.128978608699646e-02	5.434204e+00	5.193365e+00
1.148058869257294e-02	6.013411e+00	5.402039e+00
1.171246330573544e-02	6.600393e+00	5.525782e+00
1.199024291772103e-02	7.118582e+00	5.599033e+00
1.240734494675817e-02	7.487294e+00	5.635936e+00
1.261552895441058e-02	7.480249e+00	5.635345e+00
1.283805420692767e-02	7.331450e+00	5.622589e+00
1.319886637234844e-02	6.788476e+00	5.555407e+00
1.369411849577545e-02	5.486200e+00	5.217991e+00
1.401637353076665e-02	4.345735e+00	4.340260e+00
1.433397862673791e-02	3.047747e+00	3.047971e+00
1.468267120214111e-02	1.485489e+00	1.485837e+00
1.502237769050201e-02	-1.054489e-01	-1.051828e-01
1.570179066722380e-02	-3.200978e+00	-3.200596e+00
1.572348546836388e-02	-3.293133e+00	-3.292779e+00
1.576687507064405e-02	-3.475590e+00	-3.475160e+00
1.585365427520437e-02	-3.832623e+00	-3.831693e+00
1.594169558955843e-02	-4.183201e+00	-4.180059e+00
1.603512400921049e-02	-4.541212e+00	-4.527833e+00
1.618665004835119e-02	-5.088064e+00	-4.989569e+00
1.634445922078110e-02	-5.608532e+00	-5.270201e+00
1.658346935630001e-02	-6.290379e+00	-5.467510e+00
1.686197822723500e-02	-6.905382e+00	-5.571946e+00
1.715744076240005e-02	-7.326945e+00	-5.621457e+00
1.752101906072803e-02	-7.499346e+00	-5.636953e+00
1.768422534217610e-02	-7.449811e+00	-5.633426e+00
1.794971922593570e-02	-7.202572e+00	-5.608423e+00
1.837854091689800e-02	-6.386067e+00	-5.487205e+00
1.869396106239283e-02	-5.486706e+00	-5.218155e+00
1.898206773374007e-02	-4.476473e+00	-4.466704e+00
1.927885188811275e-02	-3.283233e+00	-3.283454e+00
1.959505272610829e-02	-1.887746e+00	-1.888060e+00
1.994565961317163e-02	-2.560233e-01	-2.563225e-01
2.059246732708307e-02	2.727899e+00	2.727579e+00
2.099605275213317e-02	4.393327e+00	4.385995e+00
2.136202153921197e-02	5.663136e+00	5.291314e+00
2.140462817227841e-02	5.792727e+00	5.336891e+00
2.148984143841129e-02	6.039366e+00	5.408846e+00
2.166026797067705e-02	6.480062e+00	5.504678e+00
2.200112103520858e-02	7.134554e+00	5.600783e+00
2.241984199339655e-02	7.490490e+00	5.636379e+00
2.262018546441245e-02	7.478626e+00	5.635201e+00
2.284562846908038e-02	7.323842e+00	5.621817e+00
2.321109032684397e-02	6.763786e+00	5.551736e+00
2.368541400393587e-02	5.514087e+00	5.230510e+00
2.401058561785489e-02	4.367936e+00	4.361884e+00
2.432550974728556e-02	3.084168e+00	3.084390e+00
2.465692064807901e-02	1.604232e+00	1.604578e+00
2.497110964680696e-02	1.361351e-01	1.364022e-01
2.559948764426286e-02	-2.758689e+00	-2.758338e+00
2.601843252249158e-02	-4.478364e+00	-4.468025e+00
2.606753446721248e-02	-4.661812e+00	-4.640146e+00
2.616573835665428e-02	-5.015228e+00	-4.936893e+00
2.636214613553788e-02	-5.663520e+00	-5.291738e+00
2.658171955003681e-02	-6.285884e+00	-5.466539e+00
2.685752486516462e-02	-6.897166e+00	-5.571689e+00
2.715086598106220e-02	-7.320265e+00	-5.620842e+00
2.751847818222240e-02	-7.499495e+00	-5.636963e+00
2.768008810569334e-02	-7.452038e+00	-5.633615e+00
2.794299949516578e-02	-7.211337e+00	-5.610957e+00
2.836776401915353e-02	-6.412551e+00	-5.492373e+00
2.868825345107229e-02	-5.505008e+00	-5.226425e+00
2.898725760996749e-02	-4.456827e+00	-4.447850e+00
2.928212437341722e-02	-3.269361e+00	-3.269577e+00
2.962415634861429e-02	-1.754706e+00	-1.755029e+00
2.994238220247304e-02	-2.714582e-01	-2.717490e-01
3.000000000000000e-02	-5.510911e-15	-3.288516e-04
