time	V(vi)	V(vo)
0.000000000000000e+00	0.000000e+00	0.000000e+00
9.999999717180685e-10	1.570796e-06	1.570794e-06
6.553599814651534e-05	1.029146e-01	1.029144e-01
1.310719962930307e-04	2.056548e-01	2.056544e-01
1.719011355244466e-04	2.694970e-01	2.694964e-01
2.043089025647731e-04	3.200470e-01	3.200462e-01
2.276207053748679e-04	3.563281e-01	3.563268e-01
2.477223538371439e-04	3.875521e-01	3.875499e-01
2.665955504797441e-04	4.168117e-01	4.168077e-01
2.850557554950278e-04	4.453744e-01	4.453666e-01
3.042706733744425e-04	4.750411e-01	4.750248e-01
3.225689032515412e-04	5.032282e-01	5.031946e-01
3.411871831623408e-04	5.318401e-01	5.317688e-01
3.593877372018269e-04	5.597396e-01	5.595908e-01
3.777988625845650e-04	5.878875e-01	5.875736e-01
3.961019101683133e-04	6.157921e-01	6.151356e-01
4.146495245992561e-04	6.439865e-01	6.426097e-01
4.334023711959326e-04	6.724040e-01	6.695372e-01
4.527842165031043e-04	7.016765e-01	6.957329e-01
4.733052321721051e-04	7.325559e-01	7.203829e-01
4.965185135693625e-04	7.673396e-01	7.426094e-01
5.264717210131622e-04	8.119803e-01	7.611217e-01
5.560284107856434e-04	8.557483e-01	7.701613e-01
5.882439424906807e-04	9.031168e-01	7.740616e-01
6.283614817937163e-04	9.615847e-01	7.753550e-01
6.774458680880740e-04	1.032286e+00	7.753007e-01
8.269315875930924e-04	1.241281e+00	7.735314e-01
1.000723140520434e-03	1.470382e+00	7.708902e-01
1.348306246375117e-03	1.873517e+00	7.636271e-01
2.043472458084484e-03	2.397853e+00	7.354014e-01
2.476399731630214e-03	2.499725e+00	6.908259e-01
2.641227674158386e-03	2.490164e+00	6.620459e-01
2.878156214642331e-03	2.429763e+00	5.915917e-01
2.986369028747975e-03	2.384171e+00	5.452259e-01
3.075488545180505e-03	2.338339e+00	4.992103e-01
3.161863603225011e-03	2.286922e+00	4.477434e-01
3.255412915498729e-03	2.223643e+00	3.844519e-01
3.388669396539470e-03	2.120303e+00	2.811086e-01
3.614557507017439e-03	1.911627e+00	7.243254e-02
3.777282476572673e-03	1.737206e+00	-1.019885e-01
3.890933066743744e-03	1.604508e+00	-2.346858e-01
3.951614639284307e-03	1.530263e+00	-3.089305e-01
3.991853295350019e-03	1.479797e+00	-3.593959e-01
4.018988371077958e-03	1.445229e+00	-3.939626e-01
4.041780908096875e-03	1.415868e+00	-4.233210e-01
4.063292738579007e-03	1.387890e+00	-4.512936e-01
4.086035039879942e-03	1.358036e+00	-4.811357e-01
4.107245178652514e-03	1.329944e+00	-5.092049e-01
4.128968826026579e-03	1.300927e+00	-5.381715e-01
4.149895760723995e-03	1.272744e+00	-5.662499e-01
4.171042717785400e-03	1.244042e+00	-5.947297e-01
4.191892848086120e-03	1.215528e+00	-6.227848e-01
4.213068545341073e-03	1.186355e+00	-6.509954e-01
4.234654939333149e-03	1.156400e+00	-6.789855e-01
4.257674458970362e-03	1.124222e+00	-7.071801e-01
4.283965589152360e-03	1.087183e+00	-7.362528e-01
4.313638717582335e-03	1.045025e+00	-7.647315e-01
4.345147498324708e-03	9.998605e-01	-7.911856e-01
4.382879147606419e-03	9.452625e-01	-8.203229e-01
4.427563854624499e-03	8.799186e-01	-8.537152e-01
4.480926402780822e-03	8.009807e-01	-8.935304e-01
4.549336934069005e-03	6.984779e-01	-9.450743e-01
4.672466062929612e-03	5.108652e-01	-1.039293e+00
4.918724320650826e-03	1.276121e-01	-1.231416e+00
5.411240836093252e-03	-6.388114e-01	-1.614326e+00
6.135065306937181e-03	-1.635610e+00	-2.108391e+00
6.728984166596529e-03	-2.212336e+00	-2.387676e+00
7.226080021965885e-03	-2.463064e+00	-2.498562e+00
7.547340589674341e-03	-2.498894e+00	-2.496115e+00
7.727081173406650e-03	-2.474597e+00	-2.464524e+00
7.845611407757856e-03	-2.441286e+00	-2.429497e+00
7.959848395224555e-03	-2.396372e+00	-2.384004e+00
8.011468578811047e-03	-2.372013e+00	-2.359555e+00
8.070031995839541e-03	-2.341357e+00	-2.328850e+00
8.130636710887850e-03	-2.306296e+00	-2.293768e+00
8.193899020199940e-03	-2.266131e+00	-2.253595e+00
8.273519644830135e-03	-2.210501e+00	-2.197961e+00
8.380103971016913e-03	-2.127400e+00	-2.114860e+00
8.550480085500054e-03	-1.974925e+00	-1.962384e+00
8.891232314466337e-03	-1.604147e+00	-1.591607e+00
9.572736772398904e-03	-6.631110e-01	-6.505721e-01
9.961472406951069e-03	-6.051309e-02	-4.797494e-02
1.028323895342181e-02	4.425659e-01	4.550531e-01
1.041744263634547e-02	6.482249e-01	6.560847e-01
1.050330627336997e-02	7.774801e-01	7.484292e-01
1.056899416869890e-02	8.748559e-01	7.736886e-01
1.060693497776840e-02	9.304311e-01	7.753910e-01
1.064958446430194e-02	9.922706e-01	7.755398e-01
1.069363599939562e-02	1.055395e+00	7.751709e-01
1.077523094075874e-02	1.170145e+00	7.742131e-01
1.093107597755540e-02	1.380524e+00	7.720274e-01
1.116293207313933e-02	1.668462e+00	7.678266e-01
1.162664426430719e-02	2.132949e+00	7.553307e-01
1.229826166925318e-02	2.479943e+00	7.137699e-01
1.257467844074057e-02	2.497248e+00	6.758159e-01
1.277158307314019e-02	2.463691e+00	6.287896e-01
1.309139682941010e-02	2.329382e+00	4.895015e-01
1.342250202467327e-02	2.091670e+00	2.516668e-01
1.373311941623907e-02	1.786417e+00	-5.358632e-02
1.431930753248810e-02	1.036929e+00	-8.030732e-01
1.498456124022176e-02	2.425077e-02	-1.815750e+00
1.530977079412889e-02	-4.835204e-01	-2.323441e+00
1.547961652037397e-02	-7.420288e-01	-2.565121e+00
1.558049146288416e-02	-8.917509e-01	-2.666077e+00
1.562249172049746e-02	-9.530673e-01	-2.696634e+00
1.566627090751021e-02	-1.016274e+00	-2.728028e+00
1.571219453087132e-02	-1.081749e+00	-2.760511e+00
1.580404177759354e-02	-1.209944e+00	-2.824074e+00
1.595179338834155e-02	-1.407537e+00	-2.921824e+00
1.624101160131508e-02	-1.757755e+00	-3.094264e+00
1.681944802726216e-02	-2.274905e+00	-3.343680e+00
1.738413922145734e-02	-2.493379e+00	-3.430961e+00
1.760687241460199e-02	-2.494366e+00	-3.414679e+00
1.782397188008298e-02	-2.448384e+00	-3.362798e+00
1.817612656816636e-02	-2.277779e+00	-3.190488e+00
1.873828595465102e-02	-1.780730e+00	-2.693413e+00
1.959016921705532e-02	-6.366698e-01	-1.549355e+00
2.070719778713901e-02	1.074668e+00	1.619802e-01
2.119077971902900e-02	1.700781e+00	7.142040e-01
2.168153732170533e-02	2.176648e+00	7.736074e-01
2.187567382937771e-02	2.310104e+00	7.314036e-01
2.199291563635592e-02	2.374179e+00	7.363118e-01
2.208086450814070e-02	2.413808e+00	7.317793e-01
2.216607466587115e-02	2.445175e+00	7.258455e-01
2.232891689416357e-02	2.485570e+00	7.111271e-01
2.258620468065275e-02	2.496334e+00	6.736969e-01
2.279034219898965e-02	2.458516e+00	6.229930e-01
2.312175940894712e-02	2.311642e+00	4.717060e-01
2.365256091660484e-02	1.872615e+00	3.255709e-02
2.446507890754084e-02	8.245215e-01	-1.015534e+00
2.555912672444638e-02	-8.603195e-01	-2.700372e+00
2.664804954470220e-02	-2.150294e+00	-3.749129e+00
2.669840596672407e-02	-2.189559e+00	-3.767615e+00
2.679911881076781e-02	-2.261478e+00	-3.800812e+00
2.693164561764441e-02	-2.342280e+00	-3.837982e+00
2.706818462737601e-02	-2.408546e+00	-3.867078e+00
2.725383392850306e-02	-2.470156e+00	-3.890697e+00
2.755788867153620e-02	-2.498347e+00	-3.884945e+00
2.774425317720872e-02	-2.470617e+00	-3.850140e+00
2.795552058924304e-02	-2.398300e+00	-3.775604e+00
2.810260759431484e-02	-2.322930e+00	-3.700037e+00
2.824735068907418e-02	-2.229403e+00	-3.606484e+00
2.838609259337736e-02	-2.122445e+00	-3.499525e+00
2.863543309192183e-02	-1.890331e+00	-3.267411e+00
2.913411408901077e-02	-1.294018e+00	-2.671100e+00
3.013147608318865e-02	2.062873e-01	-1.170796e+00
3.111075375723481e-02	1.606539e+00	2.294537e-01
3.153315106321584e-02	2.052710e+00	6.601373e-01
3.177413944157506e-02	2.244474e+00	7.496182e-01
3.186990838644731e-02	2.306626e+00	7.444738e-01
3.195026369313480e-02	2.352342e+00	7.402064e-01
3.203435113058339e-02	2.393760e+00	7.352164e-01
3.220252600548056e-02	2.456459e+00	7.230150e-01
3.253834806120484e-02	2.499274e+00	6.819545e-01
3.271244052733497e-02	2.477762e+00	6.453986e-01
3.299552483057374e-02	2.379804e+00	5.403538e-01
3.345186639583675e-02	2.066052e+00	2.259392e-01
3.401114064977244e-02	1.455270e+00	-3.848426e-01
3.497425221470030e-02	4.044276e-02	-1.799668e+00
3.612412135677599e-02	-1.622570e+00	-3.462679e+00
3.668450498200849e-02	-2.178937e+00	-3.975058e+00
3.723793367447598e-02	-2.466185e+00	-4.132088e+00
3.743623583648152e-02	-2.497994e+00	-4.124690e+00
3.754221047772166e-02	-2.499121e+00	-4.117825e+00
3.762804468411077e-02	-2.491914e+00	-4.106322e+00
3.771289563332533e-02	-2.477667e+00	-4.089405e+00
3.788259753175447e-02	-2.428111e+00	-4.037409e+00
3.822200132861274e-02	-2.247137e+00	-3.855494e+00
3.862636907160578e-02	-1.899618e+00	-3.507967e+00
3.912041281482818e-02	-1.312385e+00	-2.920735e+00
4.010850030127298e-02	1.702999e-01	-1.438052e+00
4.125617743919882e-02	1.774615e+00	1.662650e-01
4.211053433698697e-02	2.425520e+00	7.078358e-01
4.250280784979758e-02	2.499996e+00	6.962071e-01
4.265457207294168e-02	2.488219e+00	6.645678e-01
4.290153996294013e-02	2.420855e+00	5.862961e-01
4.314694242979603e-02	2.296290e+00	4.604930e-01
4.357475934320498e-02	1.951312e+00	1.154430e-01
4.413670326230242e-02	1.290537e+00	-5.453310e-01
4.514316246879892e-02	-2.245759e-01	-2.060442e+00
4.628911954788711e-02	-1.810680e+00	-3.646554e+00
4.712863413209162e-02	-2.432251e+00	-4.212404e+00
4.750985858708026e-02	-2.499952e+00	-4.238568e+00
4.766605288041705e-02	-2.486405e+00	-4.215534e+00
4.787125443436344e-02	-2.432292e+00	-4.157065e+00
4.806965294652499e-02	-2.341566e+00	-4.065622e+00
4.842127864298282e-02	-2.092722e+00	-3.816679e+00
4.880959089309458e-02	-1.700355e+00	-3.424314e+00
4.958621539331812e-02	-6.426737e-01	-2.366635e+00
5.070260831853383e-02	1.068154e+00	-6.558093e-01
5.175673636573472e-02	2.232300e+00	5.076787e-01
5.235695155073244e-02	2.489909e+00	7.007329e-01
5.259671057645538e-02	2.495386e+00	6.702049e-01
5.280743823594320e-02	2.453502e+00	6.163885e-01
5.312552176437621e-02	2.309385e+00	4.687253e-01
5.365850805550305e-02	1.866413e+00	2.563968e-02
5.421448620906897e-02	1.184394e+00	-6.563773e-01
5.524514142934755e-02	-3.835465e-01	-2.224316e+00
5.638330271917190e-02	-1.909459e+00	-3.750227e+00
5.717877509873288e-02	-2.449253e+00	-4.265139e+00
5.752923914407136e-02	-2.499578e+00	-4.292427e+00
5.769760960669818e-02	-2.480755e+00	-4.265626e+00
5.788958464266680e-02	-2.425475e+00	-4.207287e+00
5.807189027267691e-02	-2.340332e+00	-4.121628e+00
5.843650153269712e-02	-2.079545e+00	-3.860747e+00
5.883149170745450e-02	-1.674975e+00	-3.456179e+00
5.962147205696924e-02	-5.890005e-01	-2.370206e+00
6.074332211705911e-02	1.125620e+00	-6.555872e-01
6.178622566296898e-02	2.252771e+00	4.713154e-01
6.236981989136512e-02	2.491642e+00	6.768577e-01
6.260152329070119e-02	2.494915e+00	6.592118e-01
6.281526900445840e-02	2.451111e+00	6.063140e-01
6.316206541706883e-02	2.286794e+00	4.390574e-01
6.359518194784838e-02	1.931098e+00	8.332092e-02
6.422496619725540e-02	1.169871e+00	-6.779043e-01
6.525872188883453e-02	-4.046119e-01	-2.252386e+00
6.639553812242117e-02	-1.921808e+00	-3.769580e+00
6.718511972317108e-02	-2.451231e+00	-4.286537e+00
6.753167666150016e-02	-2.499505e+00	-4.320279e+00
6.770157838090413e-02	-2.479975e+00	-4.294559e+00
6.790220736248026e-02	-2.420593e+00	-4.232621e+00
6.809488630167139e-02	-2.327386e+00	-4.139013e+00
6.848024418005363e-02	-2.040627e+00	-3.852194e+00
6.890157588782657e-02	-1.591652e+00	-3.403220e+00
6.974423930337244e-02	-4.000210e-01	-2.211591e+00
7.088135495252978e-02	1.314747e+00	-4.968245e-01
7.188190202287971e-02	2.313826e+00	5.017208e-01
7.241057530969046e-02	2.496055e+00	6.628854e-01
7.261673294055244e-02	2.493279e+00	6.470292e-01
7.284001266689895e-02	2.443166e+00	5.901883e-01
7.320202755474209e-02	2.260710e+00	4.057436e-01
7.369782009244738e-02	1.824764e+00	-3.022145e-02
7.444401248193178e-02	8.556879e-01	-9.992960e-01
7.553361224040370e-02	-8.225803e-01	-2.677562e+00
7.662793096473362e-02	-2.134002e+00	-3.988979e+00
7.729885843972346e-02	-2.480061e+00	-4.323786e+00
7.757490324862579e-02	-2.497232e+00	-4.331918e+00
7.777194897605239e-02	-2.463593e+00	-4.294139e+00
7.803586487256542e-02	-2.359630e+00	-4.188743e+00
7.828915876540775e-02	-2.198920e+00	-4.027956e+00
7.879574655109241e-02	-1.716232e+00	-3.545267e+00
7.951986233553510e-02	-7.428104e-01	-2.571847e+00
8.062470118346415e-02	9.562749e-01	-8.727635e-01
8.169865254925834e-02	2.189746e+00	3.606939e-01
8.233114795662458e-02	2.485944e+00	6.424891e-01
8.258704191154990e-02	2.496262e+00	6.414646e-01
8.279170469860450e-02	2.458126e+00	5.975901e-01
8.312396372007232e-02	2.310321e+00	4.475475e-01
8.353480331237106e-02	1.989928e+00	1.271054e-01
8.429013785628309e-02	1.078445e+00	-7.843747e-01
8.534230918397893e-02	-5.335620e-01	-2.396379e+00
8.646926867725223e-02	-1.993793e+00	-3.856609e+00
8.722256474472045e-02	-2.462113e+00	-4.318626e+00
8.754600097470737e-02	-2.498956e+00	-4.347959e+00
8.772490021542345e-02	-2.475081e+00	-4.320364e+00
8.801573937606735e-02	-2.369885e+00	-4.213250e+00
8.830193142969125e-02	-2.189303e+00	-4.032570e+00
8.887431553693906e-02	-1.624438e+00	-3.467704e+00
8.968090004206915e-02	-4.978896e-01	-2.341157e+00
9.081086787637833e-02	1.219316e+00	-6.239541e-01
9.183386450250372e-02	2.284203e+00	4.408245e-01
9.239029623313610e-02	2.494063e+00	6.390316e-01
9.260917057326776e-02	2.494121e+00	6.310127e-01
9.282771068967033e-02	2.447190e+00	5.796530e-01
9.318216547942600e-02	2.273853e+00	4.048435e-01
9.369308469210720e-02	1.829840e+00	-3.918881e-02
9.452445796575482e-02	7.359145e-01	-1.133113e+00
9.563015078376404e-02	-9.641785e-01	-2.833204e+00
9.670278698917609e-02	-2.192872e+00	-4.061903e+00
9.733300540995918e-02	-2.486251e+00	-4.348451e+00
9.758773878262877e-02	-2.496202e+00	-4.353008e+00
9.779283876678962e-02	-2.457801e+00	-4.311852e+00
9.812579836306400e-02	-2.309219e+00	-4.162197e+00
9.846806115639782e-02	-2.051622e+00	-3.904582e+00
9.915258674306549e-02	-1.269104e+00	-3.122066e+00
1.001641549771408e-01	2.573971e-01	-1.595567e+00
1.013088405946590e-01	1.831900e+00	-2.106604e-02
1.021393279517356e-01	2.436080e+00	5.795836e-01
1.025140101967643e-01	2.499903e+00	6.348441e-01
1.026728129493211e-01	2.485277e+00	6.156241e-01
1.029311812914061e-01	2.408813e+00	5.360602e-01
1.033487985091475e-01	2.152815e+00	2.795230e-01
1.040071899894255e-01	1.460311e+00	-4.129810e-01
1.049688541000396e-01	4.892074e-02	-1.824370e+00
1.061186626225833e-01	-1.616038e+00	-3.489326e+00
1.070316485848357e-01	-2.392533e+00	-4.265003e+00
1.074716935985376e-01	-2.499605e+00	-4.366548e+00
1.076394780974758e-01	-2.490406e+00	-4.354187e+00
1.078770026361526e-01	-2.430188e+00	-4.291900e+00
1.082616713415364e-01	-2.219133e+00	-4.080330e+00
1.088177730380617e-01	-1.690910e+00	-3.552105e+00
1.096007028314783e-01	-6.206554e-01	-2.481852e+00
1.107193957201224e-01	1.091936e+00	-7.692627e-01
1.117689668710783e-01	2.240884e+00	3.796695e-01
1.123623070490168e-01	2.490650e+00	6.216632e-01
1.125987141966989e-01	2.495193e+00	6.202203e-01
1.128106983959779e-01	2.452514e+00	5.742086e-01
1.131546783627476e-01	2.291458e+00	4.119154e-01
1.137045222752511e-01	1.817551e+00	-6.201655e-02
1.145411379278201e-01	7.108347e-01	-1.168732e+00
1.156498632552190e-01	-9.926726e-01	-2.872237e+00
1.167176520001762e-01	-2.203990e+00	-4.083558e+00
1.173396570566403e-01	-2.487324e+00	-4.362055e+00
1.175902331588847e-01	-2.495983e+00	-4.366823e+00
1.177968979566378e-01	-2.456626e+00	-4.325382e+00
1.181323643686005e-01	-2.305247e+00	-4.173185e+00
1.185195572236071e-01	-2.004333e+00	-3.872256e+00
1.192672391838967e-01	-1.110782e+00	-2.978707e+00
1.203131108317624e-01	4.886668e-01	-1.379259e+00
1.214438211648688e-01	1.969424e+00	1.014959e-01
1.222097911922560e-01	2.458554e+00	5.866916e-01
1.225411259801459e-01	2.499165e+00	6.213115e-01
1.227169633200041e-01	2.476806e+00	5.956236e-01
1.230028635583331e-01	2.376247e+00	4.931557e-01
1.234635912179460e-01	2.055626e+00	1.723448e-01
1.241827169640371e-01	1.228103e+00	-6.551776e-01
1.252037405944634e-01	-3.191616e-01	-2.202440e+00
1.263455579871136e-01	-1.870656e+00	-3.753933e+00
1.271589608332714e-01	-2.442824e+00	-4.324269e+00
1.275216059833973e-01	-2.499770e+00	-4.377363e+00
1.276851810061685e-01	-2.483097e+00	-4.358595e+00
1.279512713122942e-01	-2.400176e+00	-4.274323e+00
1.283712325683099e-01	-2.134686e+00	-4.008635e+00
1.290417113463010e-01	-1.415958e+00	-3.289907e+00
1.300158534353445e-01	2.490211e-02	-1.849048e+00
1.311658038249224e-01	1.671819e+00	-2.021335e-01
1.320593113032749e-01	2.404774e+00	5.298147e-01
1.324826795027182e-01	2.499852e+00	6.192012e-01
1.326435620773055e-01	2.489836e+00	6.059086e-01
1.328836425176993e-01	2.427720e+00	5.414556e-01
1.332723646294066e-01	2.211348e+00	3.245030e-01
1.338888304175957e-01	1.607039e+00	-2.798077e-01
1.348048512450827e-01	3.057714e-01	-1.581074e+00
1.359473433685371e-01	-1.401755e+00	-3.288599e+00
1.369253610257757e-01	-2.338810e+00	-4.225526e+00
1.374286236651011e-01	-2.497486e+00	-4.380393e+00
1.376234557072966e-01	-2.492482e+00	-4.372884e+00
1.378509474496542e-01	-2.439467e+00	-4.318343e+00
1.382196716157823e-01	-2.248739e+00	-4.127160e+00
1.387577607695007e-01	-1.759126e+00	-3.637544e+00
1.396183071494037e-01	-5.938308e-01	-2.472250e+00
1.407396867807219e-01	1.120518e+00	-7.579030e-01
1.417836164300420e-01	2.250990e+00	3.725558e-01
1.423686873784113e-01	2.491496e+00	6.077559e-01
1.426010999568477e-01	2.494958e+00	6.071109e-01
1.428145802208227e-01	2.451324e+00	5.611120e-01
1.431609523026909e-01	2.287500e+00	3.964079e-01
1.437144063002789e-01	1.806856e+00	-8.425222e-02
1.445555237108571e-01	6.891415e-01	-1.201965e+00
1.456667798914814e-01	-1.017004e+00	-2.908109e+00
1.467302964110594e-01	-2.213295e+00	-4.104402e+00
1.473452826150945e-01	-2.488197e+00	-4.376011e+00
1.475923413766276e-01	-2.495793e+00	-4.380911e+00
1.478003286282148e-01	-2.455621e+00	-4.339234e+00
1.481379127646166e-01	-2.301861e+00	-4.184880e+00
1.486008543921044e-01	-1.925427e+00	-3.808434e+00
1.493886919249106e-01	-9.368033e-01	-2.819812e+00
1.504658294125197e-01	7.213204e-01	-1.161690e+00
1.515733008263103e-01	2.088052e+00	2.050393e-01
1.522732156578371e-01	2.474663e+00	5.879225e-01
1.525652267514068e-01	2.497901e+00	6.070428e-01
1.527561984562786e-01	2.467679e+00	5.744939e-01
1.530664783810933e-01	2.343308e+00	4.489730e-01
1.535649395424098e-01	1.960918e+00	6.652097e-02
1.543352365053773e-01	1.014110e+00	-8.802838e-01
1.553992676847205e-01	-6.206105e-01	-2.515002e+00
1.565179651723087e-01	-2.039000e+00	-3.933390e+00
1.572465811094069e-01	-2.468375e+00	-4.360612e+00
1.575551369168720e-01	-2.498500e+00	-4.388069e+00
1.577397735341635e-01	-2.471683e+00	-4.359763e+00
1.580398584438560e-01	-2.357550e+00	-4.244851e+00
1.584880419768445e-01	-2.033526e+00	-3.920778e+00
1.592197321888644e-01	-1.177131e+00	-3.064386e+00
1.602519441971288e-01	3.941022e-01	-1.493155e+00
1.613894407043901e-01	1.915668e+00	2.841155e-02
1.621819626756543e-01	2.450252e+00	5.609436e-01
1.625304641615944e-01	2.499542e+00	6.063035e-01
1.626996041900257e-01	2.480365e+00	5.848887e-01
1.629746906860076e-01	2.389625e+00	4.927396e-01
1.634185452495011e-01	2.095068e+00	1.980017e-01
1.641141738283531e-01	1.320716e+00	-5.763493e-01
1.651132401101417e-01	-1.777271e-01	-2.074790e+00
1.662607099553968e-01	-1.779623e+00	-3.676684e+00
1.671130424547919e-01	-2.426471e+00	-4.322747e+00
1.675037867196393e-01	-2.499993e+00	-4.393668e+00
1.676561659835145e-01	-2.487975e+00	-4.380229e+00
1.679041305887868e-01	-2.419836e+00	-4.311034e+00
1.683053334241332e-01	-2.186718e+00	-4.077687e+00
1.689400209696074e-01	-1.544623e+00	-3.435592e+00
1.698763175423425e-01	-1.940845e-01	-2.085055e+00
1.710232994857531e-01	1.498914e+00	-3.920590e-01
1.719736252154153e-01	2.364513e+00	4.733016e-01
1.724483597436870e-01	2.498684e+00	6.035128e-01
1.726308005807974e-01	2.491562e+00	5.938315e-01
1.728628925246684e-01	2.435294e+00	5.358722e-01
1.732389340455595e-01	2.235354e+00	3.354481e-01
1.738367185028532e-01	1.668871e+00	-2.310376e-01
1.747312848634778e-01	4.200942e-01	-1.479813e+00
1.758670654372568e-01	-1.295603e+00	-3.195508e+00
1.768722998763376e-01	-2.308072e+00	-4.207939e+00
1.774065501537105e-01	-2.495692e+00	-4.392937e+00
1.776152326912698e-01	-2.493450e+00	-4.388848e+00
1.778375722851157e-01	-2.443976e+00	-4.338262e+00
1.781980884454298e-01	-2.263345e+00	-4.157265e+00
1.787620336534890e-01	-1.754351e+00	-3.648267e+00
1.796244665831868e-01	-5.844281e-01	-2.478346e+00
1.807467582084362e-01	1.130437e+00	-7.634836e-01
1.817886876067808e-01	2.254445e+00	3.605130e-01
1.823708874062359e-01	2.491778e+00	5.941764e-01
1.826019222903589e-01	2.494875e+00	5.943958e-01
1.828159181911110e-01	2.450910e+00	5.487355e-01
1.831631145066812e-01	2.286127e+00	3.833198e-01
1.837178112073145e-01	1.803156e+00	-9.966344e-02
1.845604732460012e-01	6.816646e-01	-1.221153e+00
1.856725820371049e-01	-1.025323e+00	-2.928139e+00
1.867346094552415e-01	-2.216437e+00	-4.119252e+00
1.873471947736952e-01	-2.488486e+00	-4.388999e+00
1.875930576932202e-01	-2.495728e+00	-4.394328e+00
1.878014942565776e-01	-2.455277e+00	-4.352782e+00
1.881397977275863e-01	-2.300704e+00	-4.197772e+00
1.886684606183773e-01	-1.855975e+00	-3.753033e+00
1.894884284523461e-01	-7.898088e-01	-2.686868e+00
1.905872131067610e-01	9.016067e-01	-9.954545e-01
1.916699171546330e-01	2.167612e+00	2.705477e-01
1.923181473931709e-01	2.483698e+00	5.835626e-01
1.925821602919178e-01	2.496670e+00	5.936685e-01
1.927837602004461e-01	2.460370e+00	5.557182e-01
1.931111089040378e-01	2.317961e+00	4.125836e-01
1.936357142116857e-01	1.890042e+00	-1.535999e-02
1.944402665108641e-01	8.612143e-01	-1.044186e+00
1.955290580670939e-01	-8.158216e-01	-2.721220e+00
1.966243144401674e-01	-2.131037e+00	-4.036438e+00
1.972971802311037e-01	-2.479728e+00	-4.383245e+00
1.975742710096034e-01	-2.497278e+00	-4.398914e+00
1.977709199256923e-01	-2.463867e+00	-4.364436e+00
1.980903230510145e-01	-2.329994e+00	-4.230068e+00
1.986027876010600e-01	-1.923489e+00	-3.823543e+00
1.993915601674131e-01	-9.326247e-01	-2.832680e+00
2.004693714605877e-01	7.266458e-01	-1.173412e+00
2.015761983744016e-01	2.090551e+00	1.904920e-01
2.022745917066094e-01	2.474969e+00	5.724513e-01
2.025657469128971e-01	2.497867e+00	5.925820e-01
2.027570451682437e-01	2.467465e+00	5.605858e-01
2.030678501971991e-01	2.342556e+00	4.348830e-01
2.035671191429877e-01	1.958792e+00	5.107652e-02
2.043384897016284e-01	1.009437e+00	-8.982762e-01
2.054033481247787e-01	-6.268173e-01	-2.534528e+00
2.065214059769177e-01	-2.042123e+00	-3.949832e+00
2.072482572998684e-01	-2.468791e+00	-4.375065e+00
2.075557731607919e-01	-2.498465e+00	-4.402923e+00
2.077408092992808e-01	-2.471438e+00	-4.374860e+00
2.080415375961308e-01	-2.356671e+00	-4.259543e+00
2.085252680084840e-01	-1.998959e+00	-3.901793e+00
2.092758228879520e-01	-1.098687e+00	-3.001524e+00
2.103240778079476e-01	5.055497e-01	-1.397289e+00
2.114534179552955e-01	1.978674e+00	7.583271e-02
2.122146266879072e-01	2.459919e+00	5.553807e-01
2.125429727814905e-01	2.499089e+00	5.918763e-01
2.127199700958202e-01	2.476160e+00	5.674002e-01
2.130077417763538e-01	2.373855e+00	4.641901e-01
2.134713813222806e-01	2.048637e+00	1.388879e-01
2.141945248771398e-01	1.211914e+00	-6.978294e-01
2.152191690841572e-01	-3.431829e-01	-2.252924e+00
2.163597023123973e-01	-1.885321e+00	-3.795061e+00
2.171664291338314e-01	-2.445291e+00	-4.354216e+00
2.175244868072258e-01	-2.499704e+00	-4.406859e+00
2.176898717149764e-01	-2.482230e+00	-4.388377e+00
2.179588888445165e-01	-2.396801e+00	-4.302284e+00
2.183932388364074e-01	-2.116492e+00	-4.021878e+00
2.190754739633623e-01	-1.371935e+00	-3.277322e+00
2.200614447866415e-01	9.649327e-02	-1.808896e+00
2.212106996329132e-01	1.723581e+00	-1.818103e-01
2.220850497639530e-01	2.415511e+00	5.095454e-01
2.224928269413873e-01	2.499975e+00	5.913520e-01
2.226473338917775e-01	2.489295e+00	5.791554e-01
2.228897743430749e-01	2.425402e+00	5.141063e-01
2.232822360225881e-01	2.204073e+00	2.924938e-01
2.239041790511173e-01	1.588496e+00	-3.230827e-01
2.248263633678852e-01	2.722071e-01	-1.639371e+00
2.259704179602646e-01	-1.431619e+00	-3.343194e+00
2.269402197136697e-01	-2.346954e+00	-4.258460e+00
2.274347330411918e-01	-2.497898e+00	-4.407569e+00
2.276257299878927e-01	-2.492203e+00	-4.400645e+00
2.278546463263609e-01	-2.438190e+00	-4.345841e+00
2.282256376991208e-01	-2.244628e+00	-4.152042e+00
2.288159366537023e-01	-1.693034e+00	-3.600446e+00
2.297017231934745e-01	-4.657942e-01	-2.373208e+00
2.308342127488565e-01	1.251196e+00	-6.562198e-01
2.318499617439151e-01	2.294363e+00	3.869201e-01
2.323971316945095e-01	2.494780e+00	5.846441e-01
2.326117207643374e-01	2.493843e+00	5.817210e-01
2.328318593562675e-01	2.445849e+00	5.325112e-01
2.331888650690457e-01	2.269459e+00	3.556992e-01
2.337583035652396e-01	1.758520e+00	-1.552455e-01
2.346190898828028e-01	5.926365e-01	-1.321128e+00
2.357405862164464e-01	-1.121781e+00	-3.035543e+00
2.367842624266846e-01	-2.251432e+00	-4.165187e+00
2.373689678759265e-01	-2.491532e+00	-4.403569e+00
2.376012048108194e-01	-2.494947e+00	-4.405627e+00
2.378147508234728e-01	-2.451271e+00	-4.361151e+00
2.381612280099163e-01	-2.287325e+00	-4.196903e+00
2.387148405086799e-01	-1.806385e+00	-3.715958e+00
2.395561550730009e-01	-6.881881e-01	-2.597762e+00
2.406675205300006e-01	1.018067e+00	-8.915095e-01
2.417308476427219e-01	2.213697e+00	3.041166e-01
2.423455271898350e-01	2.488234e+00	5.762487e-01
2.425924330049145e-01	2.495785e+00	5.817434e-01
2.428004777312815e-01	2.455577e+00	5.403274e-01
2.431381538880480e-01	2.301713e+00	3.859681e-01
2.436784598722609e-01	1.845416e+00	-7.034121e-02
2.445030786796367e-01	7.679418e-01	-1.147814e+00
2.456047311760313e-01	-9.272171e-01	-2.842971e+00
2.466834092368355e-01	-2.178093e+00	-4.093844e+00
2.473242714403319e-01	-2.484776e+00	-4.399034e+00
2.475844607429712e-01	-2.496480e+00	-4.409372e+00
2.477875040875916e-01	-2.459320e+00	-4.371421e+00
2.481171673627038e-01	-2.314379e+00	-4.226138e+00
2.486452994065563e-01	-1.880152e+00	-3.791901e+00
2.494543929602808e-01	-8.403491e-01	-2.752099e+00
2.500000000000000e-01	2.455484e-15	-1.911751e+00
