time	V(vo)	V(Vgs)	Ig
0.000000000000000e+00	6.218017e-12	0.000000e+00	8.318495e-04
1.019910716422601e-05	-2.059199e-04	3.216893e-04	8.319462e-04
2.039821432845202e-05	-4.089573e-04	6.388859e-04	8.320417e-04
3.059732149267803e-05	-6.091122e-04	9.515899e-04	8.321357e-04
4.079642865690404e-05	-8.063845e-04	1.259801e-03	8.322284e-04
5.099553582113005e-05	-1.000774e-03	1.563520e-03	8.323198e-04
6.119464298535606e-05	-1.192282e-03	1.862746e-03	8.324098e-04
7.139375014958204e-05	-1.380906e-03	2.157479e-03	8.324984e-04
9.092500014958204e-05	-1.721619e-03	2.689908e-03	8.326586e-04
1.104562501495820e-04	-2.036378e-03	3.181852e-03	8.328065e-04
1.299875001495820e-04	-2.320440e-03	3.625914e-03	8.329400e-04
1.495187501495820e-04	-2.569521e-03	4.015413e-03	8.330572e-04
1.690500001495821e-04	-2.779868e-03	4.344491e-03	8.331561e-04
1.885812501495821e-04	-2.948306e-03	4.608199e-03	8.332353e-04
2.081125001495821e-04	-3.072296e-03	4.802570e-03	8.332936e-04
2.276437501495821e-04	-3.149966e-03	4.924681e-03	8.333302e-04
2.471750001495821e-04	-3.180145e-03	4.972695e-03	8.333444e-04
2.667062501495821e-04	-3.162377e-03	4.945890e-03	8.333361e-04
2.862375001495821e-04	-3.096930e-03	4.844668e-03	8.333054e-04
3.057687501495821e-04	-2.984793e-03	4.670553e-03	8.332528e-04
3.253000001495822e-04	-2.827656e-03	4.426164e-03	8.331790e-04
3.448312501495822e-04	-2.627891e-03	4.115176e-03	8.330852e-04
3.643625001495822e-04	-2.388510e-03	3.742266e-03	8.329728e-04
3.838937501495822e-04	-2.113123e-03	3.313045e-03	8.328434e-04
4.034250001495822e-04	-1.805883e-03	2.833966e-03	8.326990e-04
4.229562501495822e-04	-1.471418e-03	2.312237e-03	8.325419e-04
4.522531251495823e-04	-9.297935e-04	1.466986e-03	8.322874e-04
4.815500001495823e-04	-3.566548e-04	5.721105e-04	8.320181e-04
4.913156251495823e-04	-1.601088e-04	2.651311e-04	8.319257e-04
5.010812501495823e-04	3.522460e-05	-4.000194e-05	8.318339e-04
5.108468751495823e-04	2.293455e-04	-3.432886e-04	8.317427e-04
5.206125001495823e-04	4.222540e-04	-6.447288e-04	8.316521e-04
5.303781251495823e-04	6.139499e-04	-9.443227e-04	8.315620e-04
5.401437501495823e-04	8.044334e-04	-1.242070e-03	8.314725e-04
5.499093751495823e-04	9.937043e-04	-1.537971e-03	8.313835e-04
5.792062501495823e-04	1.530944e-03	-2.378158e-03	8.311310e-04
5.987375001495824e-04	1.861486e-03	-2.895322e-03	8.309757e-04
6.182687501495824e-04	2.164092e-03	-3.368963e-03	8.308334e-04
6.378000001495824e-04	2.434221e-03	-3.791957e-03	8.307064e-04
6.573312501495824e-04	2.667818e-03	-4.157942e-03	8.305966e-04
6.768625001495824e-04	2.861379e-03	-4.461412e-03	8.305056e-04
6.963937501495824e-04	3.012001e-03	-4.697804e-03	8.304347e-04
7.159250001495825e-04	3.117425e-03	-4.863562e-03	8.303851e-04
7.354562501495825e-04	3.176071e-03	-4.956192e-03	8.303575e-04
7.549875001495825e-04	3.187060e-03	-4.974302e-03	8.303523e-04
7.745187501495825e-04	3.150226e-03	-4.917618e-03	8.303695e-04
7.940500001495825e-04	3.066122e-03	-4.786995e-03	8.304090e-04
8.135812501495825e-04	2.936009e-03	-4.584396e-03	8.304701e-04
8.331125001495826e-04	2.761837e-03	-4.312868e-03	8.305519e-04
8.526437501495826e-04	2.546219e-03	-3.976496e-03	8.306531e-04
8.721750001495826e-04	2.292390e-03	-3.580339e-03	8.307724e-04
8.917062501495826e-04	2.004156e-03	-3.130355e-03	8.309078e-04
9.112375001495826e-04	1.685846e-03	-2.633313e-03	8.310573e-04
9.307687501495826e-04	1.342236e-03	-2.096689e-03	8.312188e-04
9.600656251495827e-04	7.907584e-04	-1.235325e-03	8.314779e-04
9.893625001495827e-04	2.126539e-04	-3.322770e-04	8.317495e-04
9.977330358638685e-04	4.415980e-05	-6.906131e-05	8.318287e-04
1.006103571578154e-03	-1.233003e-04	1.925452e-04	8.319074e-04
1.014474107292440e-03	-2.897263e-04	4.525426e-04	8.319856e-04
1.022844643006726e-03	-4.551184e-04	7.109309e-04	8.320634e-04
1.031215178721011e-03	-6.194764e-04	9.677100e-04	8.321406e-04
1.039585714435297e-03	-7.828004e-04	1.222880e-03	8.322173e-04
1.047956250149583e-03	-9.450903e-04	1.476441e-03	8.322936e-04
1.077253125149583e-03	-1.485596e-03	2.320996e-03	8.325477e-04
1.096784375149583e-03	-1.819046e-03	2.842095e-03	8.327044e-04
1.116315625149583e-03	-2.125074e-03	3.320421e-03	8.328483e-04
1.135846875149583e-03	-2.399068e-03	3.748779e-03	8.329770e-04
1.155378125149583e-03	-2.636898e-03	4.120728e-03	8.330888e-04
1.174909375149583e-03	-2.834977e-03	4.430671e-03	8.331820e-04
1.194440625149583e-03	-2.990318e-03	4.673948e-03	8.332550e-04
1.213971875149583e-03	-3.100577e-03	4.846899e-03	8.333069e-04
1.233503125149583e-03	-3.164090e-03	4.946923e-03	8.333368e-04
1.253034375149583e-03	-3.179900e-03	4.972516e-03	8.333443e-04
1.272565625149583e-03	-3.147767e-03	4.923293e-03	8.333293e-04
1.292096875149583e-03	-3.068177e-03	4.799993e-03	8.332919e-04
1.311628125149583e-03	-2.942331e-03	4.604472e-03	8.332328e-04
1.331159375149583e-03	-2.772127e-03	4.339670e-03	8.331529e-04
1.350690625149583e-03	-2.560132e-03	4.009570e-03	8.330534e-04
1.370221875149583e-03	-2.309545e-03	3.619138e-03	8.329356e-04
1.389753125149583e-03	-2.024143e-03	3.174245e-03	8.328016e-04
1.409284375149583e-03	-1.708229e-03	2.681584e-03	8.326531e-04
1.428815625149583e-03	-1.366564e-03	2.148564e-03	8.324926e-04
1.458112500149583e-03	-8.171272e-04	1.291035e-03	8.322345e-04
1.487409375149583e-03	-2.399888e-04	3.898267e-04	8.319633e-04
1.497175000149583e-03	-4.299004e-05	8.211011e-05	8.318707e-04
1.506940625149583e-03	1.523601e-04	-2.230783e-04	8.317789e-04
1.516706250149583e-03	3.460617e-04	-5.257386e-04	8.316878e-04
1.526471875149583e-03	5.381146e-04	-8.258706e-04	8.315976e-04
1.536237500149583e-03	7.285189e-04	-1.123475e-03	8.315081e-04
1.546003125149583e-03	9.172746e-04	-1.418550e-03	8.314194e-04
1.555768750149583e-03	1.104382e-03	-1.711098e-03	8.313315e-04
1.575300000149583e-03	1.461864e-03	-2.270173e-03	8.311635e-04
1.594831250149583e-03	1.797410e-03	-2.795127e-03	8.310057e-04
1.614362500149583e-03	2.105981e-03	-3.278065e-03	8.308607e-04
1.633893750149583e-03	2.382946e-03	-3.711724e-03	8.307305e-04
1.653425000149583e-03	2.624148e-03	-4.089579e-03	8.306171e-04
1.672956250149583e-03	2.825968e-03	-4.405949e-03	8.305222e-04
1.692487500149583e-03	2.985380e-03	-4.656074e-03	8.304472e-04
1.712018750149583e-03	3.099993e-03	-4.836193e-03	8.303933e-04
1.731550000149583e-03	3.168088e-03	-4.943596e-03	8.303613e-04
1.751081250149583e-03	3.188644e-03	-4.976667e-03	8.303515e-04
1.770612500149583e-03	3.161353e-03	-4.934910e-03	8.303643e-04
1.790143750149583e-03	3.086625e-03	-4.818953e-03	8.303994e-04
1.809675000149583e-03	2.965579e-03	-4.630539e-03	8.304562e-04
1.829206250149583e-03	2.800031e-03	-4.372503e-03	8.305339e-04
1.848737500149583e-03	2.592463e-03	-4.048725e-03	8.306314e-04
1.868268750149583e-03	2.345988e-03	-3.664076e-03	8.307472e-04
1.887800000149583e-03	2.064305e-03	-3.224341e-03	8.308795e-04
1.907331250149584e-03	1.751641e-03	-2.736133e-03	8.310264e-04
1.926862500149584e-03	1.412690e-03	-2.206797e-03	8.311857e-04
1.956159375149584e-03	8.661964e-04	-1.353232e-03	8.314424e-04
1.985456250149583e-03	2.905274e-04	-4.539996e-04	8.317130e-04
1.995221875149583e-03	9.367239e-05	-1.464824e-04	8.318055e-04
2.004987500149583e-03	-1.017041e-04	1.587336e-04	8.318973e-04
2.014753125149582e-03	-2.956019e-04	4.616483e-04	8.319884e-04
2.024518750149582e-03	-4.880212e-04	7.622618e-04	8.320788e-04
2.034284375149582e-03	-6.789620e-04	1.060574e-03	8.321685e-04
2.044050000149582e-03	-8.684242e-04	1.356585e-03	8.322576e-04
2.053815625149581e-03	-1.056408e-03	1.650295e-03	8.323459e-04
2.073346875149581e-03	-1.416101e-03	2.212327e-03	8.325150e-04
2.092878125149581e-03	-1.754444e-03	2.741058e-03	8.326740e-04
2.112409375149580e-03	-2.066339e-03	3.228536e-03	8.328206e-04
2.131940625149580e-03	-2.347087e-03	3.667429e-03	8.329526e-04
2.151471875149579e-03	-2.592455e-03	4.051135e-03	8.330679e-04
2.171003125149579e-03	-2.798743e-03	4.373884e-03	8.331650e-04
2.190534375149579e-03	-2.962840e-03	4.630820e-03	8.332421e-04
2.210065625149578e-03	-3.082271e-03	4.818079e-03	8.332983e-04
2.229596875149578e-03	-3.155233e-03	4.932845e-03	8.333327e-04
2.249128125149577e-03	-3.180625e-03	4.973391e-03	8.333446e-04
2.268659375149577e-03	-3.158065e-03	4.939107e-03	8.333341e-04
2.288190625149576e-03	-3.087894e-03	4.830509e-03	8.333012e-04
2.307721875149576e-03	-2.971169e-03	4.649232e-03	8.332464e-04
2.327253125149576e-03	-2.809652e-03	4.398000e-03	8.331705e-04
2.346784375149575e-03	-2.605779e-03	4.080593e-03	8.330748e-04
2.366315625149575e-03	-2.362626e-03	3.701785e-03	8.329606e-04
2.385846875149574e-03	-2.083858e-03	3.267274e-03	8.328296e-04
2.405378125149574e-03	-1.773680e-03	2.783595e-03	8.326839e-04
2.424909375149574e-03	-1.436764e-03	2.258023e-03	8.325256e-04
2.454206250149573e-03	-8.924528e-04	1.408551e-03	8.322698e-04
2.483503125149572e-03	-3.178943e-04	5.114294e-04	8.319999e-04
2.493268750149572e-03	-1.211678e-04	2.041579e-04	8.319074e-04
2.503034375149572e-03	7.420070e-05	-1.010395e-04	8.318156e-04
2.512800000149572e-03	2.682111e-04	-4.041630e-04	8.317244e-04
2.522565625149571e-03	4.608633e-04	-7.052125e-04	8.316339e-04
2.532331250149571e-03	6.521575e-04	-1.004188e-03	8.315440e-04
2.542096875149571e-03	8.420936e-04	-1.301090e-03	8.314547e-04
2.551862500149571e-03	1.030672e-03	-1.595917e-03	8.313661e-04
2.581159375149570e-03	1.565018e-03	-2.431608e-03	8.311150e-04
2.600690625149570e-03	1.892984e-03	-2.944760e-03	8.309608e-04
2.620221875149569e-03	2.192539e-03	-3.413646e-03	8.308200e-04
2.639753125149569e-03	2.459188e-03	-3.831212e-03	8.306947e-04
2.659284375149569e-03	2.688930e-03	-4.191178e-03	8.305867e-04
2.678815625149568e-03	2.878317e-03	-4.488130e-03	8.304976e-04
2.698346875149568e-03	3.024511e-03	-4.717601e-03	8.304288e-04
2.717878125149567e-03	3.125317e-03	-4.876140e-03	8.303814e-04
2.737409375149567e-03	3.179225e-03	-4.961363e-03	8.303560e-04
2.756940625149566e-03	3.185427e-03	-4.971987e-03	8.303531e-04
2.776471875149566e-03	3.143830e-03	-4.907853e-03	8.303725e-04
2.796003125149566e-03	3.055056e-03	-4.769925e-03	8.304142e-04
2.815534375149565e-03	2.920438e-03	-4.560278e-03	8.304774e-04
2.835065625149565e-03	2.741994e-03	-4.282066e-03	8.305612e-04
2.854596875149564e-03	2.522399e-03	-3.939472e-03	8.306643e-04
2.874128125149564e-03	2.264949e-03	-3.537650e-03	8.307853e-04
2.893659375149564e-03	1.973505e-03	-3.082643e-03	8.309222e-04
2.913190625149563e-03	1.652443e-03	-2.581296e-03	8.310730e-04
2.932721875149563e-03	1.306581e-03	-2.041149e-03	8.312355e-04
2.962018750149562e-03	7.527361e-04	-1.176079e-03	8.314957e-04
2.991315625149561e-03	1.735443e-04	-2.713275e-04	8.317679e-04
2.999686160863847e-03	4.982453e-06	-8.004709e-06	8.318471e-04
3.008056696578133e-03	-1.624384e-04	2.535419e-04	8.319258e-04
3.016427232292418e-03	-3.287183e-04	5.133124e-04	8.320040e-04
3.024797768006703e-03	-4.938572e-04	7.713067e-04	8.320816e-04
3.033168303720989e-03	-6.578550e-04	1.027525e-03	8.321586e-04
3.041538839435275e-03	-8.207119e-04	1.281967e-03	8.322352e-04
3.049909375149560e-03	-9.824279e-04	1.534632e-03	8.323112e-04
3.079206250149560e-03	-1.520133e-03	2.374819e-03	8.325638e-04
3.098737500149559e-03	-1.851060e-03	2.891983e-03	8.327194e-04
3.118268750149559e-03	-2.154085e-03	3.365625e-03	8.328619e-04
3.137800000149558e-03	-2.424640e-03	3.788619e-03	8.329891e-04
3.157331250149558e-03	-2.658647e-03	4.154603e-03	8.330991e-04
3.176862500149558e-03	-2.852576e-03	4.458074e-03	8.331902e-04
3.196393750149557e-03	-3.003503e-03	4.694466e-03	8.332612e-04
3.215925000149557e-03	-3.109151e-03	4.860224e-03	8.333109e-04
3.235456250149556e-03	-3.167925e-03	4.952854e-03	8.333386e-04
3.254987500149556e-03	-3.178939e-03	4.970965e-03	8.333438e-04
3.274518750149555e-03	-3.142027e-03	4.914281e-03	8.333265e-04
3.294050000149555e-03	-3.057746e-03	4.783658e-03	8.332870e-04
3.313581250149555e-03	-2.927367e-03	4.581059e-03	8.332258e-04
3.333112500149554e-03	-2.752858e-03	4.309531e-03	8.331439e-04
3.352643750149554e-03	-2.536850e-03	3.973159e-03	8.330424e-04
3.372175000149553e-03	-2.282602e-03	3.577002e-03	8.329230e-04
3.391706250149553e-03	-1.993947e-03	3.127019e-03	8.327874e-04
3.411237500149553e-03	-1.675237e-03	2.629977e-03	8.326377e-04
3.430768750149552e-03	-1.331273e-03	2.093353e-03	8.324760e-04
3.460065625149551e-03	-7.793983e-04	1.231989e-03	8.322167e-04
3.489362500149551e-03	-2.011004e-04	3.289412e-04	8.319450e-04
3.497733035863836e-03	-3.259391e-05	6.572558e-05	8.318658e-04
3.506103571578122e-03	1.348601e-04	-1.958809e-04	8.317871e-04
3.514474107292408e-03	3.012616e-04	-4.558782e-04	8.317089e-04
3.522844643006693e-03	4.666106e-04	-7.142665e-04	8.316312e-04
3.531215178720978e-03	6.309072e-04	-9.710455e-04	8.315540e-04
3.539585714435264e-03	7.941513e-04	-1.226216e-03	8.314773e-04
3.547956250149550e-03	9.563430e-04	-1.479776e-03	8.314010e-04
3.577253125149549e-03	1.496394e-03	-2.324331e-03	8.311472e-04
3.596784375149549e-03	1.829463e-03	-2.845430e-03	8.309907e-04
3.616315625149548e-03	2.135075e-03	-3.323755e-03	8.308470e-04
3.635846875149548e-03	2.408642e-03	-3.752114e-03	8.307184e-04
3.655378125149547e-03	2.646060e-03	-4.124062e-03	8.306068e-04
3.674909375149547e-03	2.843765e-03	-4.434005e-03	8.305138e-04
3.694440625149547e-03	2.998794e-03	-4.677282e-03	8.304410e-04
3.713971875149546e-03	3.108821e-03	-4.850233e-03	8.303892e-04
3.733503125149546e-03	3.172196e-03	-4.950257e-03	8.303593e-04
3.753034375149545e-03	3.187970e-03	-4.975850e-03	8.303518e-04
3.772565625149545e-03	3.155905e-03	-4.926627e-03	8.303669e-04
3.792096875149544e-03	3.076483e-03	-4.803327e-03	8.304041e-04
3.811628125149544e-03	2.950894e-03	-4.607806e-03	8.304631e-04
3.831159375149544e-03	2.781021e-03	-4.343004e-03	8.305428e-04
3.850690625149543e-03	2.569412e-03	-4.012904e-03	8.306422e-04
3.870221875149543e-03	2.319242e-03	-3.622471e-03	8.307598e-04
3.889753125149542e-03	2.034262e-03	-3.177578e-03	8.308936e-04
3.909284375149542e-03	1.718751e-03	-2.684917e-03	8.310418e-04
3.928815625149542e-03	1.377444e-03	-2.151896e-03	8.312022e-04
3.958112500149541e-03	8.284180e-04	-1.294367e-03	8.314602e-04
3.987409375149541e-03	2.514879e-04	-3.931590e-04	8.317313e-04
3.997175000149540e-03	5.450621e-05	-8.544227e-05	8.318239e-04
4.006940625149540e-03	-1.408516e-04	2.197462e-04	8.319156e-04
4.016706250149540e-03	-3.345855e-04	5.224066e-04	8.320067e-04
4.026471875149540e-03	-5.266956e-04	8.225387e-04	8.320970e-04
4.036237500149540e-03	-7.171818e-04	1.120143e-03	8.321865e-04
4.046003125149539e-03	-9.060441e-04	1.415218e-03	8.322753e-04
4.055768750149539e-03	-1.093282e-03	1.707766e-03	8.323633e-04
4.075300000149539e-03	-1.451080e-03	2.266841e-03	8.325314e-04
4.094831250149538e-03	-1.787001e-03	2.791796e-03	8.326893e-04
4.114362500149538e-03	-2.095986e-03	3.274734e-03	8.328345e-04
4.133893750149538e-03	-2.373378e-03	3.708392e-03	8.329650e-04
4.153425000149537e-03	-2.614995e-03	4.086248e-03	8.330785e-04
4.172956250149537e-03	-2.817194e-03	4.402618e-03	8.331736e-04
4.192487500149536e-03	-2.976925e-03	4.652743e-03	8.332487e-04
4.212018750149536e-03	-3.091778e-03	4.832862e-03	8.333027e-04
4.231550000149535e-03	-3.160021e-03	4.940265e-03	8.333349e-04
4.251081250149535e-03	-3.180624e-03	4.973337e-03	8.333446e-04
4.270612500149535e-03	-3.153276e-03	4.931580e-03	8.333318e-04
4.290143750149534e-03	-3.078389e-03	4.815623e-03	8.332967e-04
4.309675000149534e-03	-2.957094e-03	4.627209e-03	8.332398e-04
4.329206250149533e-03	-2.791221e-03	4.369173e-03	8.331619e-04
4.348737500149533e-03	-2.583272e-03	4.045395e-03	8.330642e-04
4.368268750149533e-03	-2.336383e-03	3.660746e-03	8.329483e-04
4.387800000149532e-03	-2.054277e-03	3.221011e-03	8.328157e-04
4.407331250149532e-03	-1.741207e-03	2.732804e-03	8.326686e-04
4.426862500149531e-03	-1.401891e-03	2.203468e-03	8.325092e-04
4.456159375149531e-03	-8.549756e-04	1.349903e-03	8.322522e-04
4.485456250149530e-03	-2.790837e-04	4.506709e-04	8.319816e-04
4.495221875149530e-03	-8.220617e-05	1.431537e-04	8.318891e-04
4.504987500149530e-03	1.131679e-04	-1.620622e-04	8.317973e-04
4.514753125149529e-03	3.070384e-04	-4.649769e-04	8.317062e-04
4.524518750149529e-03	4.994055e-04	-7.655903e-04	8.316158e-04
4.534284375149529e-03	6.902692e-04	-1.063903e-03	8.315261e-04
4.544050000149529e-03	8.796293e-04	-1.359913e-03	8.314371e-04
4.553815625149529e-03	1.067486e-03	-1.653623e-03	8.313488e-04
4.573346875149528e-03	1.426871e-03	-2.215655e-03	8.311799e-04
4.592878125149528e-03	1.764844e-03	-2.744386e-03	8.310211e-04
4.612409375149527e-03	2.076328e-03	-3.231864e-03	8.308746e-04
4.631940625149527e-03	2.356649e-03	-3.670757e-03	8.307429e-04
4.651471875149527e-03	2.601600e-03	-4.054463e-03	8.306277e-04
4.671003125149526e-03	2.807504e-03	-4.377211e-03	8.305309e-04
4.690534375149526e-03	2.971276e-03	-4.634147e-03	8.304539e-04
4.710065625149525e-03	3.090457e-03	-4.821406e-03	8.303978e-04
4.729596875149525e-03	3.163261e-03	-4.936172e-03	8.303635e-04
4.749128125149524e-03	3.188597e-03	-4.976717e-03	8.303515e-04
4.768659375149524e-03	3.166084e-03	-4.942433e-03	8.303621e-04
4.788190625149524e-03	3.096061e-03	-4.833836e-03	8.303949e-04
4.807721875149523e-03	2.979577e-03	-4.652558e-03	8.304496e-04
4.827253125149523e-03	2.818378e-03	-4.401326e-03	8.305253e-04
4.846784375149522e-03	2.614882e-03	-4.083919e-03	8.306209e-04
4.866315625149522e-03	2.372141e-03	-3.705111e-03	8.307349e-04
4.885846875149522e-03	2.093797e-03	-3.270600e-03	8.308656e-04
4.905378125149521e-03	1.784027e-03	-2.786921e-03	8.310112e-04
4.924909375149521e-03	1.447481e-03	-2.261348e-03	8.311693e-04
4.954206250149520e-03	9.036030e-04	-1.411876e-03	8.314248e-04
4.983503125149519e-03	3.292819e-04	-5.147546e-04	8.316947e-04
4.993268750149519e-03	1.325832e-04	-2.074831e-04	8.317872e-04
5.003034375149519e-03	-6.278241e-05	9.771442e-05	8.318790e-04
5.012800000149519e-03	-2.568150e-04	4.008380e-04	8.319702e-04
5.022565625149519e-03	-4.495146e-04	7.018876e-04	8.320607e-04
5.032331250149518e-03	-6.408811e-04	1.000863e-03	8.321507e-04
5.042096875149518e-03	-8.309146e-04	1.297765e-03	8.322400e-04
5.051862500149518e-03	-1.019615e-03	1.592592e-03	8.323286e-04
5.071393750149518e-03	-1.381150e-03	2.157497e-03	8.324985e-04
5.090925000149517e-03	-1.721863e-03	2.689925e-03	8.326587e-04
5.110456250149517e-03	-2.036622e-03	3.181870e-03	8.328066e-04
5.129987500149516e-03	-2.320683e-03	3.625931e-03	8.329402e-04
5.149518750149516e-03	-2.569765e-03	4.015430e-03	8.330573e-04
5.169050000149516e-03	-2.780111e-03	4.344509e-03	8.331562e-04
5.188581250149515e-03	-2.948549e-03	4.608217e-03	8.332354e-04
5.208112500149515e-03	-3.072539e-03	4.802588e-03	8.332937e-04
5.227643750149514e-03	-3.150209e-03	4.924699e-03	8.333303e-04
5.247175000149514e-03	-3.180388e-03	4.972713e-03	8.333445e-04
5.266706250149513e-03	-3.162620e-03	4.945907e-03	8.333362e-04
5.286237500149513e-03	-3.097173e-03	4.844686e-03	8.333055e-04
5.305768750149513e-03	-2.985036e-03	4.670571e-03	8.332529e-04
5.325300000149512e-03	-2.827899e-03	4.426182e-03	8.331791e-04
5.344831250149512e-03	-2.628134e-03	4.115194e-03	8.330853e-04
5.364362500149511e-03	-2.388753e-03	3.742284e-03	8.329728e-04
5.383893750149511e-03	-2.113366e-03	3.313062e-03	8.328435e-04
5.403425000149511e-03	-1.806125e-03	2.833984e-03	8.326991e-04
5.422956250149510e-03	-1.471661e-03	2.312255e-03	8.325420e-04
5.452253125149509e-03	-9.300359e-04	1.467004e-03	8.322875e-04
5.481550000149509e-03	-3.568972e-04	5.721282e-04	8.320182e-04
5.491315625149509e-03	-1.603512e-04	2.651487e-04	8.319258e-04
5.501081250149508e-03	3.498227e-05	-3.998430e-05	8.318340e-04
5.510846875149508e-03	2.291033e-04	-3.432709e-04	8.317428e-04
5.520612500149508e-03	4.220117e-04	-6.447112e-04	8.316521e-04
5.530378125149508e-03	6.137077e-04	-9.443051e-04	8.315620e-04
5.540143750149508e-03	8.041913e-04	-1.242053e-03	8.314725e-04
5.549909375149507e-03	9.934623e-04	-1.537954e-03	8.313836e-04
5.579206250149507e-03	1.530702e-03	-2.378140e-03	8.311311e-04
5.598737500149506e-03	1.861244e-03	-2.895304e-03	8.309757e-04
5.618268750149506e-03	2.163850e-03	-3.368945e-03	8.308335e-04
5.637800000149506e-03	2.433979e-03	-3.791939e-03	8.307065e-04
5.657331250149505e-03	2.667576e-03	-4.157924e-03	8.305967e-04
5.676862500149505e-03	2.861137e-03	-4.461395e-03	8.305057e-04
5.696393750149504e-03	3.011759e-03	-4.697786e-03	8.304348e-04
5.715925000149504e-03	3.117184e-03	-4.863544e-03	8.303852e-04
5.735456250149503e-03	3.175830e-03	-4.956174e-03	8.303576e-04
5.754987500149503e-03	3.186818e-03	-4.974284e-03	8.303524e-04
5.774518750149503e-03	3.149985e-03	-4.917601e-03	8.303696e-04
5.794050000149502e-03	3.065881e-03	-4.786978e-03	8.304091e-04
5.813581250149502e-03	2.935767e-03	-4.584378e-03	8.304702e-04
5.833112500149501e-03	2.761596e-03	-4.312851e-03	8.305520e-04
5.852643750149501e-03	2.545978e-03	-3.976478e-03	8.306532e-04
5.872175000149501e-03	2.292148e-03	-3.580321e-03	8.307724e-04
5.891706250149500e-03	2.003915e-03	-3.130338e-03	8.309079e-04
5.911237500149500e-03	1.685604e-03	-2.633296e-03	8.310574e-04
5.930768750149499e-03	1.341994e-03	-2.096671e-03	8.312188e-04
5.960065625149499e-03	7.905172e-04	-1.235307e-03	8.314780e-04
5.989362500149498e-03	2.124127e-04	-3.322594e-04	8.317496e-04
5.997733035863783e-03	4.391864e-05	-6.904369e-05	8.318288e-04
6.006103571578069e-03	-1.235414e-04	1.925629e-04	8.319075e-04
6.014474107292354e-03	-2.899675e-04	4.525603e-04	8.319857e-04
6.022844643006640e-03	-4.553595e-04	7.109485e-04	8.320634e-04
6.031215178720926e-03	-6.197175e-04	9.677277e-04	8.321407e-04
6.039585714435212e-03	-7.830415e-04	1.222898e-03	8.322174e-04
6.047956250149497e-03	-9.453314e-04	1.476459e-03	8.322937e-04
6.077253125149496e-03	-1.485837e-03	2.321014e-03	8.325477e-04
6.096784375149496e-03	-1.819287e-03	2.842112e-03	8.327045e-04
6.116315625149495e-03	-2.125315e-03	3.320438e-03	8.328483e-04
6.135846875149495e-03	-2.399309e-03	3.748797e-03	8.329771e-04
6.155378125149494e-03	-2.637139e-03	4.120745e-03	8.330889e-04
6.174909375149494e-03	-2.835218e-03	4.430688e-03	8.331821e-04
6.194440625149494e-03	-2.990559e-03	4.673966e-03	8.332551e-04
6.213971875149493e-03	-3.100818e-03	4.846917e-03	8.333070e-04
6.233503125149493e-03	-3.164331e-03	4.946941e-03	8.333369e-04
6.253034375149492e-03	-3.180141e-03	4.972534e-03	8.333444e-04
6.272565625149492e-03	-3.148008e-03	4.923310e-03	8.333293e-04
6.292096875149492e-03	-3.068418e-03	4.800010e-03	8.332920e-04
6.311628125149491e-03	-2.942572e-03	4.604490e-03	8.332329e-04
6.331159375149491e-03	-2.772368e-03	4.339688e-03	8.331530e-04
6.350690625149490e-03	-2.560373e-03	4.009588e-03	8.330534e-04
6.370221875149490e-03	-2.309786e-03	3.619156e-03	8.329357e-04
6.389753125149489e-03	-2.024384e-03	3.174263e-03	8.328016e-04
6.409284375149489e-03	-1.708470e-03	2.681601e-03	8.326533e-04
6.428815625149489e-03	-1.366804e-03	2.148581e-03	8.324927e-04
6.458112500149488e-03	-8.173673e-04	1.291052e-03	8.322346e-04
6.487409375149487e-03	-2.402289e-04	3.898443e-04	8.319633e-04
6.497175000149487e-03	-4.323009e-05	8.212769e-05	8.318708e-04
6.506940625149487e-03	1.521201e-04	-2.230607e-04	8.317790e-04
6.516706250149487e-03	3.458217e-04	-5.257210e-04	8.316880e-04
6.526471875149487e-03	5.378747e-04	-8.258531e-04	8.315977e-04
6.536237500149486e-03	7.282791e-04	-1.123457e-03	8.315083e-04
6.546003125149486e-03	9.170348e-04	-1.418533e-03	8.314195e-04
6.555768750149486e-03	1.104142e-03	-1.711080e-03	8.313316e-04
6.575300000149486e-03	1.461624e-03	-2.270155e-03	8.311635e-04
6.594831250149485e-03	1.797170e-03	-2.795110e-03	8.310059e-04
6.614362500149485e-03	2.105742e-03	-3.278048e-03	8.308608e-04
6.633893750149484e-03	2.382706e-03	-3.711706e-03	8.307306e-04
6.653425000149484e-03	2.623908e-03	-4.089562e-03	8.306172e-04
6.672956250149483e-03	2.825729e-03	-4.405931e-03	8.305223e-04
6.692487500149483e-03	2.985141e-03	-4.656056e-03	8.304474e-04
6.712018750149483e-03	3.099754e-03	-4.836175e-03	8.303934e-04
6.731550000149482e-03	3.167849e-03	-4.943578e-03	8.303614e-04
6.751081250149482e-03	3.188405e-03	-4.976650e-03	8.303517e-04
6.770612500149481e-03	3.161114e-03	-4.934893e-03	8.303644e-04
6.790143750149481e-03	3.086386e-03	-4.818935e-03	8.303995e-04
6.809675000149481e-03	2.965340e-03	-4.630521e-03	8.304563e-04
6.829206250149480e-03	2.799792e-03	-4.372485e-03	8.305340e-04
6.848737500149480e-03	2.592224e-03	-4.048707e-03	8.306315e-04
6.868268750149479e-03	2.345749e-03	-3.664058e-03	8.307473e-04
6.887800000149479e-03	2.064066e-03	-3.224323e-03	8.308796e-04
6.907331250149478e-03	1.751402e-03	-2.736116e-03	8.310265e-04
6.926862500149478e-03	1.412451e-03	-2.206780e-03	8.311857e-04
6.956159375149477e-03	8.659575e-04	-1.353215e-03	8.314425e-04
6.985456250149477e-03	2.902885e-04	-4.539821e-04	8.317130e-04
6.995221875149477e-03	9.343352e-05	-1.464648e-04	8.318056e-04
7.004987500149476e-03	-1.019429e-04	1.587512e-04	8.318974e-04
7.014753125149476e-03	-2.958408e-04	4.616659e-04	8.319885e-04
7.024518750149476e-03	-4.882601e-04	7.622794e-04	8.320789e-04
7.034284375149476e-03	-6.792008e-04	1.060592e-03	8.321687e-04
7.044050000149476e-03	-8.686630e-04	1.356603e-03	8.322577e-04
7.053815625149475e-03	-1.056647e-03	1.650312e-03	8.323460e-04
7.073346875149475e-03	-1.416340e-03	2.212344e-03	8.325151e-04
7.092878125149474e-03	-1.754682e-03	2.741076e-03	8.326741e-04
7.112409375149474e-03	-2.066578e-03	3.228554e-03	8.328207e-04
7.131940625149474e-03	-2.347326e-03	3.667447e-03	8.329527e-04
7.151471875149473e-03	-2.592694e-03	4.051153e-03	8.330680e-04
7.171003125149473e-03	-2.798982e-03	4.373902e-03	8.331650e-04
7.190534375149472e-03	-2.963079e-03	4.630838e-03	8.332422e-04
7.210065625149472e-03	-3.082509e-03	4.818097e-03	8.332984e-04
7.229596875149472e-03	-3.155471e-03	4.932862e-03	8.333327e-04
7.249128125149471e-03	-3.180864e-03	4.973408e-03	8.333447e-04
7.268659375149471e-03	-3.158304e-03	4.939124e-03	8.333342e-04
7.288190625149470e-03	-3.088132e-03	4.830527e-03	8.333013e-04
7.307721875149470e-03	-2.971407e-03	4.649249e-03	8.332464e-04
7.327253125149469e-03	-2.809890e-03	4.398017e-03	8.331706e-04
7.346784375149469e-03	-2.606017e-03	4.080610e-03	8.330749e-04
7.366315625149469e-03	-2.362864e-03	3.701803e-03	8.329606e-04
7.385846875149468e-03	-2.084096e-03	3.267291e-03	8.328297e-04
7.405378125149468e-03	-1.773918e-03	2.783612e-03	8.326840e-04
7.424909375149467e-03	-1.437002e-03	2.258040e-03	8.325257e-04
7.454206250149467e-03	-8.926907e-04	1.408569e-03	8.322700e-04
7.483503125149466e-03	-3.181321e-04	5.114469e-04	8.319999e-04
7.493268750149466e-03	-1.214055e-04	2.041755e-04	8.319075e-04
7.503034375149466e-03	7.396301e-05	-1.010220e-04	8.318157e-04
7.512800000149466e-03	2.679734e-04	-4.041454e-04	8.317245e-04
7.522565625149465e-03	4.606257e-04	-7.051949e-04	8.316340e-04
7.532331250149465e-03	6.519200e-04	-1.004170e-03	8.315441e-04
7.542096875149465e-03	8.418561e-04	-1.301072e-03	8.314548e-04
7.551862500149465e-03	1.030434e-03	-1.595900e-03	8.313662e-04
7.581159375149464e-03	1.564781e-03	-2.431591e-03	8.311151e-04
7.600690625149464e-03	1.892747e-03	-2.944743e-03	8.309609e-04
7.620221875149463e-03	2.192302e-03	-3.413628e-03	8.308201e-04
7.639753125149463e-03	2.458951e-03	-3.831194e-03	8.306947e-04
7.659284375149462e-03	2.688693e-03	-4.191160e-03	8.305868e-04
7.678815625149462e-03	2.878080e-03	-4.488112e-03	8.304977e-04
7.698346875149462e-03	3.024274e-03	-4.717583e-03	8.304289e-04
7.717878125149461e-03	3.125080e-03	-4.876122e-03	8.303815e-04
7.737409375149461e-03	3.178988e-03	-4.961345e-03	8.303561e-04
7.756940625149460e-03	3.185190e-03	-4.971969e-03	8.303531e-04
7.776471875149460e-03	3.143593e-03	-4.907835e-03	8.303726e-04
7.796003125149460e-03	3.054819e-03	-4.769907e-03	8.304142e-04
7.815534375149459e-03	2.920201e-03	-4.560261e-03	8.304775e-04
7.835065625149459e-03	2.741757e-03	-4.282048e-03	8.305613e-04
7.854596875149458e-03	2.522163e-03	-3.939454e-03	8.306644e-04
7.874128125149458e-03	2.264712e-03	-3.537632e-03	8.307854e-04
7.893659375149457e-03	1.973269e-03	-3.082626e-03	8.309223e-04
7.913190625149457e-03	1.652206e-03	-2.581279e-03	8.310731e-04
7.932721875149457e-03	1.306344e-03	-2.041131e-03	8.312356e-04
7.962018750149456e-03	7.524994e-04	-1.176062e-03	8.314959e-04
7.991315625149455e-03	1.733077e-04	-2.713100e-04	8.317680e-04
7.999686160863741e-03	4.745889e-06	-7.987165e-06	8.318472e-04
8.008056696578026e-03	-1.626750e-04	2.535595e-04	8.319259e-04
8.016427232292312e-03	-3.289548e-04	5.133299e-04	8.320040e-04
8.024797768006598e-03	-4.940937e-04	7.713242e-04	8.320816e-04
8.033168303720884e-03	-6.580916e-04	1.027542e-03	8.321587e-04
8.041538839435168e-03	-8.209485e-04	1.281984e-03	8.322352e-04
8.049909375149454e-03	-9.826644e-04	1.534650e-03	8.323112e-04
8.079206250149453e-03	-1.520369e-03	2.374836e-03	8.325640e-04
8.098737500149453e-03	-1.851297e-03	2.892001e-03	8.327195e-04
8.118268750149453e-03	-2.154321e-03	3.365642e-03	8.328619e-04
8.137800000149452e-03	-2.424876e-03	3.788636e-03	8.329891e-04
8.157331250149452e-03	-2.658883e-03	4.154621e-03	8.330991e-04
8.176862500149451e-03	-2.852813e-03	4.458092e-03	8.331903e-04
8.196393750149451e-03	-3.003740e-03	4.694484e-03	8.332613e-04
8.215925000149451e-03	-3.109387e-03	4.860241e-03	8.333110e-04
8.235456250149450e-03	-3.168161e-03	4.952872e-03	8.333387e-04
8.254987500149450e-03	-3.179176e-03	4.970982e-03	8.333439e-04
8.274518750149449e-03	-3.142264e-03	4.914299e-03	8.333267e-04
8.294050000149449e-03	-3.057982e-03	4.783676e-03	8.332871e-04
8.313581250149448e-03	-2.927603e-03	4.581076e-03	8.332259e-04
8.333112500149448e-03	-2.753094e-03	4.309549e-03	8.331439e-04
8.352643750149448e-03	-2.537086e-03	3.973177e-03	8.330425e-04
8.372175000149447e-03	-2.282838e-03	3.577020e-03	8.329230e-04
8.391706250149447e-03	-1.994183e-03	3.127036e-03	8.327875e-04
8.411237500149446e-03	-1.675473e-03	2.629994e-03	8.326377e-04
8.430768750149446e-03	-1.331509e-03	2.093370e-03	8.324761e-04
8.460065625149445e-03	-7.796339e-04	1.232006e-03	8.322168e-04
8.489362500149445e-03	-2.013358e-04	3.289587e-04	8.319450e-04
8.497733035863731e-03	-3.282935e-05	6.574310e-05	8.318659e-04
8.506103571578015e-03	1.346247e-04	-1.958634e-04	8.317872e-04
8.514474107292301e-03	3.010262e-04	-4.558607e-04	8.317090e-04
8.522844643006587e-03	4.663753e-04	-7.142489e-04	8.316313e-04
8.531215178720873e-03	6.306719e-04	-9.710280e-04	8.315541e-04
8.539585714435157e-03	7.939160e-04	-1.226198e-03	8.314774e-04
8.547956250149443e-03	9.561077e-04	-1.479759e-03	8.314012e-04
8.577253125149443e-03	1.496159e-03	-2.324314e-03	8.311473e-04
8.596784375149442e-03	1.829228e-03	-2.845412e-03	8.309908e-04
8.616315625149442e-03	2.134840e-03	-3.323738e-03	8.308471e-04
8.635846875149442e-03	2.408407e-03	-3.752096e-03	8.307185e-04
8.655378125149441e-03	2.645825e-03	-4.124044e-03	8.306069e-04
8.674909375149441e-03	2.843530e-03	-4.433988e-03	8.305139e-04
8.694440625149440e-03	2.998559e-03	-4.677265e-03	8.304410e-04
8.713971875149440e-03	3.108586e-03	-4.850216e-03	8.303893e-04
8.733503125149440e-03	3.171962e-03	-4.950240e-03	8.303594e-04
8.753034375149439e-03	3.187735e-03	-4.975833e-03	8.303520e-04
8.772565625149439e-03	3.155670e-03	-4.926609e-03	8.303669e-04
8.792096875149438e-03	3.076248e-03	-4.803309e-03	8.304042e-04
8.811628125149438e-03	2.950659e-03	-4.607788e-03	8.304632e-04
8.831159375149437e-03	2.780787e-03	-4.342986e-03	8.305429e-04
8.850690625149437e-03	2.569178e-03	-4.012886e-03	8.306423e-04
8.870221875149437e-03	2.319007e-03	-3.622454e-03	8.307598e-04
8.889753125149436e-03	2.034028e-03	-3.177561e-03	8.308937e-04
8.909284375149436e-03	1.718517e-03	-2.684899e-03	8.310420e-04
8.928815625149435e-03	1.377210e-03	-2.151879e-03	8.312023e-04
8.958112500149435e-03	8.281837e-04	-1.294350e-03	8.314603e-04
8.987409375149434e-03	2.512536e-04	-3.931415e-04	8.317314e-04
8.997175000149434e-03	5.427189e-05	-8.542479e-05	8.318239e-04
9.006940625149434e-03	-1.410859e-04	2.197637e-04	8.319157e-04
9.016706250149433e-03	-3.348199e-04	5.224240e-04	8.320068e-04
9.026471875149433e-03	-5.269299e-04	8.225562e-04	8.320971e-04
9.036237500149433e-03	-7.174161e-04	1.120160e-03	8.321866e-04
9.046003125149433e-03	-9.062783e-04	1.415236e-03	8.322753e-04
9.055768750149433e-03	-1.093517e-03	1.707783e-03	8.323633e-04
9.075300000149432e-03	-1.451314e-03	2.266858e-03	8.325315e-04
9.094831250149432e-03	-1.787235e-03	2.791813e-03	8.326894e-04
9.114362500149431e-03	-2.096220e-03	3.274752e-03	8.328346e-04
9.133893750149431e-03	-2.373612e-03	3.708410e-03	8.329650e-04
9.153425000149431e-03	-2.615229e-03	4.086266e-03	8.330786e-04
9.172956250149430e-03	-2.817428e-03	4.402636e-03	8.331737e-04
9.192487500149430e-03	-2.977159e-03	4.652761e-03	8.332488e-04
9.212018750149429e-03	-3.092012e-03	4.832880e-03	8.333029e-04
9.231550000149429e-03	-3.160255e-03	4.940283e-03	8.333350e-04
9.251081250149428e-03	-3.180858e-03	4.973354e-03	8.333447e-04
9.270612500149428e-03	-3.153510e-03	4.931598e-03	8.333319e-04
9.290143750149428e-03	-3.078623e-03	4.815640e-03	8.332968e-04
9.309675000149427e-03	-2.957328e-03	4.627226e-03	8.332399e-04
9.329206250149427e-03	-2.791455e-03	4.369190e-03	8.331619e-04
9.348737500149426e-03	-2.583506e-03	4.045413e-03	8.330643e-04
9.368268750149426e-03	-2.336616e-03	3.660764e-03	8.329483e-04
9.387800000149426e-03	-2.054511e-03	3.221028e-03	8.328158e-04
9.407331250149425e-03	-1.741440e-03	2.732822e-03	8.326687e-04
9.426862500149425e-03	-1.402124e-03	2.203485e-03	8.325093e-04
9.456159375149424e-03	-8.552090e-04	1.349921e-03	8.322523e-04
9.485456250149423e-03	-2.793170e-04	4.506884e-04	8.319817e-04
9.495221875149423e-03	-8.243942e-05	1.431712e-04	8.318892e-04
9.504987500149423e-03	1.129347e-04	-1.620447e-04	8.317974e-04
9.514753125149423e-03	3.068053e-04	-4.649594e-04	8.317063e-04
9.524518750149423e-03	4.991724e-04	-7.655728e-04	8.316159e-04
9.534284375149422e-03	6.900361e-04	-1.063885e-03	8.315262e-04
9.544050000149422e-03	8.793963e-04	-1.359896e-03	8.314372e-04
9.553815625149422e-03	1.067253e-03	-1.653606e-03	8.313489e-04
9.573346875149422e-03	1.426638e-03	-2.215637e-03	8.311800e-04
9.592878125149421e-03	1.764611e-03	-2.744369e-03	8.310211e-04
9.612409375149421e-03	2.076095e-03	-3.231847e-03	8.308747e-04
9.631940625149420e-03	2.356416e-03	-3.670739e-03	8.307429e-04
9.651471875149420e-03	2.601367e-03	-4.054446e-03	8.306278e-04
9.671003125149420e-03	2.807272e-03	-4.377194e-03	8.305309e-04
9.690534375149419e-03	2.971043e-03	-4.634130e-03	8.304539e-04
9.710065625149419e-03	3.090224e-03	-4.821389e-03	8.303979e-04
9.729596875149418e-03	3.163029e-03	-4.936154e-03	8.303636e-04
9.749128125149418e-03	3.188365e-03	-4.976700e-03	8.303517e-04
9.768659375149417e-03	3.165852e-03	-4.942416e-03	8.303621e-04
9.788190625149417e-03	3.095829e-03	-4.833818e-03	8.303950e-04
9.807721875149417e-03	2.979344e-03	-4.652541e-03	8.304497e-04
9.827253125149416e-03	2.818145e-03	-4.401308e-03	8.305254e-04
9.837018750149416e-03	2.721508e-03	-4.250601e-03	8.305708e-04
9.856550000149416e-03	2.497970e-03	-3.901837e-03	8.306758e-04
9.876081250149415e-03	2.236938e-03	-3.494411e-03	8.307984e-04
9.895612500149415e-03	1.942327e-03	-3.034450e-03	8.309368e-04
9.915143750149414e-03	1.618561e-03	-2.528873e-03	8.310889e-04
9.934675000149414e-03	1.270500e-03	-1.985284e-03	8.312524e-04
9.963971875149413e-03	7.143706e-04	-1.116639e-03	8.315137e-04
1.000000000000000e-02	-4.760959e-07	3.510429e-08	8.318496e-04
