time	V(v0)	V(n001)
0.000000000000000e+00	0.000000e+00	0.000000e+00
9.999999717180685e-10	4.634262e-23	1.570796e-06
1.999999943436137e-09	1.390263e-22	3.141593e-06
3.999999886872274e-09	4.170741e-22	6.283185e-06
7.999999773744548e-09	1.529234e-21	1.256637e-05
1.599999954748910e-08	5.977624e-21	2.513274e-05
3.199999909497819e-08	2.376917e-20	5.026548e-05
6.399999818995639e-08	9.491933e-20	1.005310e-04
1.279999963799128e-07	3.793918e-19	2.010619e-04
2.559999927598255e-07	1.516260e-18	4.021238e-04
5.119999855196511e-07	6.055621e-18	8.042477e-04
1.023999971039302e-06	2.414904e-17	1.608495e-03
2.047999942078604e-06	9.602458e-17	3.216990e-03
4.095999884157209e-06	3.797544e-16	6.433974e-03
8.191999768314417e-06	1.487577e-15	1.286791e-02
1.638399953662883e-05	5.742675e-15	2.573547e-02
3.276799907325767e-05	2.180231e-14	5.146822e-02
6.553599814651534e-05	8.204928e-14	1.029146e-01
1.310719962930307e-04	3.109894e-13	2.056548e-01
1.779194137292229e-04	5.624383e-13	2.788934e-01
2.075485436200209e-04	7.591169e-13	3.250932e-01
2.268406773681131e-04	9.028211e-13	3.551153e-01
2.407078429906106e-04	1.013723e-12	3.766632e-01
2.531433170336978e-04	1.118578e-12	3.959621e-01
2.664372868906020e-04	1.236316e-12	4.165666e-01
2.786617005530801e-04	1.349720e-12	4.354877e-01
2.914638100263153e-04	1.473755e-12	4.552755e-01
3.037427937727867e-04	1.597783e-12	4.742270e-01
3.163630538764368e-04	1.730412e-12	4.936758e-01
3.287246427904440e-04	1.865381e-12	5.126960e-01
3.412876791318483e-04	2.007671e-12	5.319943e-01
3.537253277986608e-04	2.153616e-12	5.510674e-01
3.662856402635186e-04	2.306116e-12	5.702944e-01
3.787918299570094e-04	2.463056e-12	5.894034e-01
3.913802696157216e-04	2.626152e-12	6.086012e-01
4.039592992985192e-04	2.794243e-12	6.277466e-01
4.166120663316404e-04	2.968454e-12	6.469648e-01
4.293076525320513e-04	3.148388e-12	6.662068e-01
4.421313005696726e-04	3.335281e-12	6.855999e-01
4.551511314656257e-04	3.530173e-12	7.052442e-01
4.686001241176918e-04	3.736624e-12	7.254864e-01
4.829172800422987e-04	3.961526e-12	7.469783e-01
4.992951571512014e-04	4.223975e-12	7.714894e-01
5.214363218084045e-04	4.584374e-12	8.044955e-01
5.533598767742714e-04	5.108912e-12	8.518086e-01
5.880176902186605e-04	5.680053e-12	9.027854e-01
6.341666028356870e-04	6.440511e-12	9.699954e-01
7.157407183390227e-04	7.783946e-12	1.086768e+00
8.788889493456940e-04	1.046735e-11	1.311451e+00
1.074201449345694e-03	1.367230e-11	1.562127e+00
1.269513949345694e-03	1.686687e-11	1.789308e+00
1.464826449345694e-03	2.004825e-11	1.989576e+00
1.660138949345694e-03	2.321288e-11	2.159919e+00
1.855451449345694e-03	2.635604e-11	2.297774e+00
2.050763949345694e-03	2.947088e-11	2.401069e+00
2.246076449345694e-03	3.254656e-11	2.468249e+00
2.441388949345694e-03	3.556411e-11	2.498305e+00
2.628207035240675e-03	3.836272e-11	2.491893e+00
2.823519535240675e-03	4.112855e-11	2.448528e+00
3.018832035240675e-03	4.362237e-11	2.368334e+00
3.214144535240675e-03	4.570698e-11	2.252518e+00
3.409457035240675e-03	4.723976e-11	2.102823e+00
3.604769535240675e-03	4.808445e-11	1.921499e+00
3.800082035240676e-03	4.721162e-11	1.711274e+00
3.913646056380437e-03	-9.015325e-11	1.576985e+00
3.979703672060158e-03	-2.049046e-09	1.495136e+00
4.015723053216835e-03	-9.071200e-09	1.449411e+00
4.039375183085041e-03	-2.579041e-08	1.418980e+00
4.056100883766195e-03	-5.575150e-08	1.397272e+00
4.070923115731769e-03	-1.134985e-07	1.377905e+00
4.086877105160524e-03	-2.506603e-07	1.356926e+00
4.101304984918863e-03	-5.161849e-07	1.337836e+00
4.116414927563080e-03	-1.113700e-06	1.317726e+00
4.130725317640811e-03	-2.314456e-06	1.298570e+00
4.145382986371064e-03	-4.932522e-06	1.278841e+00
4.159599348583441e-03	-1.030566e-05	1.259602e+00
4.173977142503648e-03	-2.182708e-05	1.240042e+00
4.188098328691004e-03	-4.573718e-05	1.220733e+00
4.202289151044279e-03	-9.651882e-05	1.201232e+00
4.216340464526871e-03	-2.023916e-04	1.181828e+00
4.230456529519097e-03	-4.254551e-04	1.162243e+00
4.244588252953551e-03	-8.889852e-04	1.142544e+00
4.258981666812935e-03	-1.850621e-03	1.122388e+00
4.273908928224078e-03	-3.810491e-03	1.101387e+00
4.290168257128613e-03	-7.744108e-03	1.078402e+00
4.309826327727862e-03	-1.567052e-02	1.050462e+00
4.341945750204260e-03	-3.455821e-02	1.004468e+00
4.385629007050578e-03	-6.530387e-02	9.412622e-01
4.426580757435657e-03	-9.517033e-02	8.813639e-01
4.499448399312440e-03	-1.489516e-01	7.733665e-01
4.645183683066005e-03	-2.589262e-01	5.527388e-01
4.840496183066006e-03	-4.099309e-01	2.501288e-01
5.035808683066006e-03	-5.630383e-01	-5.624340e-02
5.231121183066006e-03	-7.158974e-01	-3.617696e-01
5.426433683066006e-03	-8.662438e-01	-6.618546e-01
5.621746183066006e-03	-1.011807e+00	-9.519846e-01
5.817058683066006e-03	-1.150438e+00	-1.227796e+00
6.012371183066007e-03	-1.280077e+00	-1.485140e+00
6.207683683066007e-03	-1.398837e+00	-1.720146e+00
6.402996183066007e-03	-1.505003e+00	-1.929280e+00
6.598308683066007e-03	-1.597100e+00	-2.109395e+00
6.793621183066007e-03	-1.673920e+00	-2.257783e+00
6.988933683066008e-03	-1.734609e+00	-2.372212e+00
7.184246183066008e-03	-1.778837e+00	-2.450961e+00
7.379558683066008e-03	-1.807049e+00	-2.492845e+00
7.574871183066008e-03	-1.821259e+00	-2.497234e+00
7.676409698393455e-03	-1.824334e+00	-2.484658e+00
7.773835112496699e-03	-1.825652e+00	-2.463087e+00
7.889737706336880e-03	-1.826163e+00	-2.425416e+00
8.006887892344284e-03	-1.826234e+00	-2.374276e+00
8.157056773417019e-03	-1.826195e+00	-2.289962e+00
8.352369273417018e-03	-1.826120e+00	-2.149958e+00
8.547681773417018e-03	-1.826044e+00	-1.977617e+00
8.742994273417017e-03	-1.825968e+00	-1.775531e+00
8.938306773417016e-03	-1.825892e+00	-1.546739e+00
9.133619273417016e-03	-1.825816e+00	-1.294683e+00
9.328931773417015e-03	-1.825740e+00	-1.023154e+00
9.524244273417014e-03	-1.825664e+00	-7.362353e-01
9.719556773417013e-03	-1.825588e+00	-4.382431e-01
9.914869273417013e-03	-1.825513e+00	-1.336593e-01
1.011018177341701e-02	-1.825437e+00	1.729349e-01
1.030549427341701e-02	-1.825361e+00	4.769280e-01
1.041031329520853e-02	-1.825320e+00	6.374027e-01
1.046993057455740e-02	-1.825297e+00	7.274861e-01
1.050804446403617e-02	-1.825282e+00	7.845503e-01
1.054240114848995e-02	-1.825269e+00	8.356046e-01
1.058217727875323e-02	-1.825253e+00	8.942243e-01
1.062430537293259e-02	-1.825237e+00	9.557005e-01
1.069248903751480e-02	-1.825211e+00	1.053761e+00
1.082885636667921e-02	-1.825158e+00	1.243905e+00
1.102416886667921e-02	-1.825082e+00	1.500006e+00
1.121948136667921e-02	-1.825006e+00	1.733546e+00
1.141479386667921e-02	-1.824930e+00	1.941012e+00
1.161010636667921e-02	-1.824854e+00	2.119283e+00
1.180541886667921e-02	-1.824778e+00	2.265679e+00
1.200073136667921e-02	-1.824703e+00	2.377996e+00
1.219604386667921e-02	-1.824627e+00	2.454546e+00
1.239135636667921e-02	-1.824551e+00	2.494178e+00
1.258666886667921e-02	-1.824475e+00	2.496294e+00
1.278198136667921e-02	-1.824399e+00	2.460864e+00
1.297729386667921e-02	-1.824324e+00	2.388421e+00
1.317260636667921e-02	-1.824248e+00	2.280053e+00
1.336791886667921e-02	-1.824172e+00	2.137391e+00
1.356323136667920e-02	-1.824096e+00	1.962581e+00
1.375854386667920e-02	-1.824020e+00	1.758252e+00
1.395385636667920e-02	-1.823945e+00	1.527477e+00
1.414916886667920e-02	-1.823869e+00	1.273727e+00
1.434448136667920e-02	-1.823793e+00	1.000819e+00
1.453979386667920e-02	-1.823717e+00	7.128585e-01
1.473510636667920e-02	-1.823641e+00	4.141755e-01
1.493041886667920e-02	-1.823566e+00	1.092630e-01
1.512573136667920e-02	-1.823490e+00	-1.972930e-01
1.532104386667920e-02	-1.823418e+00	-5.008815e-01
1.551635636667920e-02	-1.856104e+00	-7.969363e-01
1.571166886667920e-02	-1.984269e+00	-1.081004e+00
1.590698136667920e-02	-2.127162e+00	-1.348813e+00
1.610229386667920e-02	-2.245663e+00	-1.596335e+00
1.629760636667920e-02	-2.362926e+00	-1.819846e+00
1.649291886667920e-02	-2.459768e+00	-2.015985e+00
1.668823136667920e-02	-2.546845e+00	-2.181801e+00
1.688354386667919e-02	-2.615080e+00	-2.314801e+00
1.707885636667919e-02	-2.668867e+00	-2.412985e+00
1.727416886667919e-02	-2.705230e+00	-2.474875e+00
1.746948136667919e-02	-2.726657e+00	-2.499540e+00
1.763865561442471e-02	-2.734998e+00	-2.490519e+00
1.783396811442471e-02	-2.737872e+00	-2.445162e+00
1.802928061442471e-02	-2.738135e+00	-2.363027e+00
1.822459311442471e-02	-2.738036e+00	-2.245350e+00
1.841990561442471e-02	-2.737922e+00	-2.093901e+00
1.861521811442471e-02	-2.737809e+00	-1.910958e+00
1.881053061442471e-02	-2.737695e+00	-1.699272e+00
1.900584311442471e-02	-2.737581e+00	-1.462028e+00
1.920115561442471e-02	-2.737467e+00	-1.202793e+00
1.939646811442471e-02	-2.737354e+00	-9.254674e-01
1.959178061442471e-02	-2.737240e+00	-6.342217e-01
1.978709311442470e-02	-2.737126e+00	-3.334368e-01
1.998240561442470e-02	-2.737012e+00	-2.763663e-02
2.017771811442470e-02	-2.736899e+00	2.785792e-01
2.037303061442470e-02	-2.736785e+00	5.806049e-01
2.056834311442470e-02	-2.736671e+00	8.738979e-01
2.076365561442470e-02	-2.736557e+00	1.154047e+00
2.095896811442470e-02	-2.736444e+00	1.416837e+00
2.115428061442470e-02	-2.736330e+00	1.658317e+00
2.134959311442470e-02	-2.736216e+00	1.874855e+00
2.154490561442470e-02	-2.736103e+00	2.063193e+00
2.174021811442470e-02	-2.735989e+00	2.220499e+00
2.193553061442470e-02	-2.735875e+00	2.344406e+00
2.213084311442470e-02	-2.735762e+00	2.433051e+00
2.232615561442470e-02	-2.735648e+00	2.485101e+00
2.252146811442469e-02	-2.735534e+00	2.499773e+00
2.268495651949699e-02	-2.735439e+00	2.483138e+00
2.288026901949699e-02	-2.735325e+00	2.428979e+00
2.307558151949699e-02	-2.735212e+00	2.338287e+00
2.327089401949699e-02	-2.735098e+00	2.212425e+00
2.346620651949699e-02	-2.734984e+00	2.053285e+00
2.366151901949699e-02	-2.734871e+00	1.863263e+00
2.385683151949699e-02	-2.734757e+00	1.645215e+00
2.405214401949699e-02	-2.734643e+00	1.402422e+00
2.424745651949699e-02	-2.734530e+00	1.138535e+00
2.444276901949699e-02	-2.734416e+00	8.575229e-01
2.463808151949699e-02	-2.734303e+00	5.636133e-01
2.483339401949699e-02	-2.734189e+00	2.612264e-01
2.502870651949698e-02	-2.734075e+00	-4.508965e-02
2.522401901949698e-02	-2.733962e+00	-3.507275e-01
2.541933151949698e-02	-2.733848e+00	-6.510900e-01
2.561464401949698e-02	-2.733734e+00	-9.416596e-01
2.580995651949698e-02	-2.733621e+00	-1.218066e+00
2.600526901949698e-02	-2.733561e+00	-1.476151e+00
2.620058151949698e-02	-2.767934e+00	-1.712034e+00
2.639589401949698e-02	-2.865157e+00	-1.922166e+00
2.659120651949698e-02	-2.963175e+00	-2.103386e+00
2.678651901949698e-02	-3.036785e+00	-2.252970e+00
2.698183151949698e-02	-3.100157e+00	-2.368668e+00
2.717714401949698e-02	-3.143816e+00	-2.448738e+00
2.737245651949698e-02	-3.172941e+00	-2.491977e+00
2.756776901949698e-02	-3.187493e+00	-2.497734e+00
2.776033668428386e-02	-3.192378e+00	-2.466629e+00
2.795564918428386e-02	-3.193167e+00	-2.398243e+00
2.815096168428386e-02	-3.193093e+00	-2.293786e+00
2.834627418428386e-02	-3.192961e+00	-2.154828e+00
2.854158668428386e-02	-3.192829e+00	-1.983460e+00
2.873689918428386e-02	-3.192696e+00	-1.782258e+00
2.893221168428386e-02	-3.192563e+00	-1.554250e+00
2.912752418428386e-02	-3.192431e+00	-1.302864e+00
2.932283668428386e-02	-3.192298e+00	-1.031882e+00
2.951814918428386e-02	-3.192165e+00	-7.453795e-01
2.971346168428386e-02	-3.192033e+00	-4.476658e-01
2.990877418428385e-02	-3.191900e+00	-1.432187e-01
3.010408668428385e-02	-3.191767e+00	1.633825e-01
3.029939918428385e-02	-3.191635e+00	4.675262e-01
3.049471168428385e-02	-3.191502e+00	7.646379e-01
3.069002418428385e-02	-3.191370e+00	1.050249e+00
3.088533668428385e-02	-3.191237e+00	1.320063e+00
3.108064918428385e-02	-3.191104e+00	1.570022e+00
3.127596168428385e-02	-3.190972e+00	1.796367e+00
3.147127418428385e-02	-3.190839e+00	1.995692e+00
3.166658668428386e-02	-3.190706e+00	2.165001e+00
3.186189918428386e-02	-3.190574e+00	2.301746e+00
3.205721168428386e-02	-3.190441e+00	2.403870e+00
3.225252418428386e-02	-3.190309e+00	2.469838e+00
3.244783668428387e-02	-3.190176e+00	2.498657e+00
3.263060599457070e-02	-3.190052e+00	2.491587e+00
3.282591849457071e-02	-3.189919e+00	2.447764e+00
3.302123099457071e-02	-3.189787e+00	2.367125e+00
3.321654349457071e-02	-3.189654e+00	2.250881e+00
3.341185599457071e-02	-3.189522e+00	2.100782e+00
3.360716849457072e-02	-3.189389e+00	1.919086e+00
3.380248099457072e-02	-3.189257e+00	1.708525e+00
3.399779349457072e-02	-3.189124e+00	1.472266e+00
3.419310599457073e-02	-3.188992e+00	1.213862e+00
3.438841849457073e-02	-3.188859e+00	9.372016e-01
3.458373099457073e-02	-3.188727e+00	6.464443e-01
3.477904349457073e-02	-3.188594e+00	3.459638e-01
3.497435599457074e-02	-3.188462e+00	4.027977e-02
3.516966849457074e-02	-3.188329e+00	-2.660101e-01
3.536498099457074e-02	-3.188197e+00	-5.682990e-01
3.556029349457075e-02	-3.188064e+00	-8.620400e-01
3.575560599457075e-02	-3.187932e+00	-1.142815e+00
3.595091849457075e-02	-3.187799e+00	-1.406402e+00
3.614623099457075e-02	-3.187667e+00	-1.648834e+00
3.634154349457076e-02	-3.187539e+00	-1.866467e+00
3.653685599457076e-02	-3.192289e+00	-2.056026e+00
3.673216849457076e-02	-3.242629e+00	-2.214661e+00
3.692748099457076e-02	-3.313030e+00	-2.339985e+00
3.712279349457077e-02	-3.359702e+00	-2.430113e+00
3.731810599457077e-02	-3.393799e+00	-2.483691e+00
3.751341849457077e-02	-3.411774e+00	-2.499911e+00
3.767184948347940e-02	-3.417963e+00	-2.485440e+00
3.786716198347941e-02	-3.420078e+00	-2.433769e+00
3.806247448347941e-02	-3.420176e+00	-2.345492e+00
3.825778698347941e-02	-3.420041e+00	-2.221936e+00
3.845309948347941e-02	-3.419899e+00	-2.064961e+00
3.864841198347942e-02	-3.419757e+00	-1.876926e+00
3.884372448347942e-02	-3.419615e+00	-1.660661e+00
3.903903698347942e-02	-3.419473e+00	-1.419418e+00
3.923434948347942e-02	-3.419331e+00	-1.156825e+00
3.942966198347943e-02	-3.419189e+00	-8.768330e-01
3.962497448347943e-02	-3.419047e+00	-5.836524e-01
3.982028698347943e-02	-3.418905e+00	-2.816930e-01
4.001559948347944e-02	-3.418762e+00	2.450322e-02
4.021091198347944e-02	-3.418620e+00	3.303309e-01
4.040622448347944e-02	-3.418478e+00	6.311902e-01
4.060153698347944e-02	-3.418336e+00	9.225557e-01
4.079684948347945e-02	-3.418194e+00	1.200045e+00
4.099216198347945e-02	-3.418052e+00	1.459485e+00
4.118747448347945e-02	-3.417910e+00	1.696972e+00
4.138278698347946e-02	-3.417768e+00	1.908936e+00
4.157809948347946e-02	-3.417626e+00	2.092187e+00
4.177341198347946e-02	-3.417484e+00	2.243970e+00
4.196872448347946e-02	-3.417342e+00	2.362002e+00
4.216403698347947e-02	-3.417200e+00	2.444507e+00
4.235934948347947e-02	-3.417058e+00	2.490244e+00
4.255466198347947e-02	-3.416916e+00	2.498526e+00
4.273900036883583e-02	-3.416782e+00	2.471865e+00
4.293431286883583e-02	-3.416640e+00	2.407492e+00
4.312962536883583e-02	-3.416498e+00	2.306909e+00
4.332493786883584e-02	-3.416356e+00	2.171627e+00
4.352025036883584e-02	-3.416214e+00	2.003682e+00
4.371556286883584e-02	-3.416072e+00	1.805600e+00
4.391087536883585e-02	-3.415930e+00	1.580360e+00
4.410618786883585e-02	-3.415788e+00	1.331350e+00
4.430150036883585e-02	-3.415646e+00	1.062315e+00
4.449681286883585e-02	-3.415504e+00	7.773023e-01
4.469212536883586e-02	-3.415362e+00	4.805979e-01
4.488743786883586e-02	-3.415220e+00	1.766648e-01
4.508275036883586e-02	-3.415079e+00	-1.299254e-01
4.527806286883587e-02	-3.414937e+00	-4.345615e-01
4.547337536883587e-02	-3.414795e+00	-7.326613e-01
4.566868786883587e-02	-3.414653e+00	-1.019741e+00
4.586400036883587e-02	-3.414511e+00	-1.291483e+00
4.605931286883588e-02	-3.414369e+00	-1.543800e+00
4.625462536883588e-02	-3.414227e+00	-1.772897e+00
4.644993786883588e-02	-3.414085e+00	-1.975328e+00
4.664525036883588e-02	-3.413983e+00	-2.148048e+00
4.684056286883589e-02	-3.419615e+00	-2.288459e+00
4.703587536883589e-02	-3.452409e+00	-2.394450e+00
4.723118786883589e-02	-3.494761e+00	-2.464426e+00
4.742650036883590e-02	-3.518546e+00	-2.497334e+00
4.762181286883590e-02	-3.529993e+00	-2.492681e+00
4.781712536883590e-02	-3.533253e+00	-2.450536e+00
4.801243786883590e-02	-3.533575e+00	-2.371531e+00
4.820775036883591e-02	-3.533449e+00	-2.256857e+00
4.840306286883591e-02	-3.533302e+00	-2.108238e+00
4.859837536883591e-02	-3.533155e+00	-1.927909e+00
4.879368786883592e-02	-3.533008e+00	-1.718582e+00
4.898900036883592e-02	-3.532862e+00	-1.483406e+00
4.918431286883592e-02	-3.532715e+00	-1.225919e+00
4.937962536883592e-02	-3.532568e+00	-9.499921e-01
4.957493786883593e-02	-3.532421e+00	-6.597767e-01
4.977025036883593e-02	-3.532274e+00	-3.596378e-01
4.996556286883593e-02	-3.532128e+00	-5.408950e-02
5.016087536883593e-02	-3.531981e+00	2.522723e-01
5.035618786883594e-02	-3.531834e+00	5.548397e-01
5.055150036883594e-02	-3.531687e+00	8.490618e-01
5.074681286883594e-02	-3.531541e+00	1.130513e+00
5.094212536883595e-02	-3.531394e+00	1.394961e+00
5.113743786883595e-02	-3.531247e+00	1.638427e+00
5.133275036883595e-02	-3.531100e+00	1.857249e+00
5.152806286883595e-02	-3.530954e+00	2.048137e+00
5.172337536883596e-02	-3.530807e+00	2.208219e+00
5.191868786883596e-02	-3.530660e+00	2.335087e+00
5.211400036883596e-02	-3.530514e+00	2.426833e+00
5.230931286883597e-02	-3.530367e+00	2.482078e+00
5.250462536883597e-02	-3.530220e+00	2.499990e+00
5.265753156969603e-02	-3.530105e+00	2.487764e+00
5.285284406969604e-02	-3.529958e+00	2.438813e+00
5.304815656969604e-02	-3.529812e+00	2.353181e+00
5.324346906969604e-02	-3.529665e+00	2.232155e+00
5.343878156969604e-02	-3.529518e+00	2.077555e+00
5.363409406969605e-02	-3.529372e+00	1.891707e+00
5.382940656969605e-02	-3.529225e+00	1.677405e+00
5.402471906969605e-02	-3.529078e+00	1.437874e+00
5.422003156969606e-02	-3.528932e+00	1.176716e+00
5.441534406969606e-02	-3.528785e+00	8.978591e-01
5.461065656969606e-02	-3.528639e+00	6.054975e-01
5.480596906969606e-02	-3.528492e+00	3.040286e-01
5.500128156969607e-02	-3.528345e+00	-2.013085e-03
5.519659406969607e-02	-3.528199e+00	-3.080245e-01
5.539190656969607e-02	-3.528052e+00	-6.094030e-01
5.558721906969608e-02	-3.527905e+00	-9.016155e-01
5.578253156969608e-02	-3.527759e+00	-1.180267e+00
5.597784406969608e-02	-3.527612e+00	-1.441166e+00
5.617315656969608e-02	-3.527466e+00	-1.680388e+00
5.636846906969609e-02	-3.527319e+00	-1.894336e+00
5.656378156969609e-02	-3.527173e+00	-2.079792e+00
5.675909406969609e-02	-3.527040e+00	-2.233965e+00
5.695440656969609e-02	-3.528216e+00	-2.354537e+00
5.714971906969610e-02	-3.541705e+00	-2.439696e+00
5.734503156969610e-02	-3.566044e+00	-2.488158e+00
5.754034406969610e-02	-3.583038e+00	-2.499197e+00
5.771569028164279e-02	-3.588608e+00	-2.477077e+00
5.791100278164279e-02	-3.589949e+00	-2.417102e+00
5.810631528164279e-02	-3.589924e+00	-2.320771e+00
5.830162778164279e-02	-3.589778e+00	-2.189534e+00
5.849694028164280e-02	-3.589628e+00	-2.025364e+00
5.869225278164280e-02	-3.589479e+00	-1.830730e+00
5.888756528164280e-02	-3.589330e+00	-1.608561e+00
5.908287778164280e-02	-3.589181e+00	-1.362198e+00
5.927819028164281e-02	-3.589032e+00	-1.095345e+00
5.947350278164281e-02	-3.588883e+00	-8.120182e-01
5.966881528164281e-02	-3.588734e+00	-5.164775e-01
5.986412778164282e-02	-3.588584e+00	-2.131684e-01
6.005944028164282e-02	-3.588435e+00	9.334687e-02
6.025475278164282e-02	-3.588286e+00	3.984582e-01
6.045006528164282e-02	-3.588137e+00	6.975762e-01
6.064537778164283e-02	-3.587988e+00	9.862021e-01
6.084069028164283e-02	-3.587839e+00	1.259995e+00
6.103600278164283e-02	-3.587690e+00	1.514836e+00
6.123131528164284e-02	-3.587541e+00	1.746892e+00
6.142662778164284e-02	-3.587392e+00	1.952674e+00
6.162194028164284e-02	-3.587243e+00	2.129085e+00
6.181725278164284e-02	-3.587094e+00	2.273473e+00
6.201256528164285e-02	-3.586944e+00	2.383666e+00
6.220787778164285e-02	-3.586795e+00	2.458007e+00
6.240319028164285e-02	-3.586646e+00	2.495377e+00
6.259850278164285e-02	-3.586497e+00	2.495213e+00
6.279381528164285e-02	-3.586348e+00	2.457520e+00
6.298912778164285e-02	-3.586199e+00	2.382863e+00
6.318444028164286e-02	-3.586050e+00	2.272366e+00
6.337975278164286e-02	-3.585901e+00	2.127690e+00
6.357506528164286e-02	-3.585752e+00	1.951012e+00
6.377037778164286e-02	-3.585603e+00	1.744989e+00
6.396569028164287e-02	-3.585454e+00	1.512719e+00
6.416100278164287e-02	-3.585305e+00	1.257697e+00
6.435631528164287e-02	-3.585156e+00	9.837578e-01
6.455162778164288e-02	-3.585007e+00	6.950220e-01
6.474694028164288e-02	-3.584858e+00	3.958324e-01
6.494225278164288e-02	-3.584709e+00	9.068922e-02
6.513756528164288e-02	-3.584560e+00	-2.158181e-01
6.533287778164289e-02	-3.584411e+00	-5.190793e-01
6.552819028164289e-02	-3.584262e+00	-8.145330e-01
6.572350278164289e-02	-3.584113e+00	-1.097735e+00
6.591881528164290e-02	-3.583965e+00	-1.364427e+00
6.611412778164290e-02	-3.583816e+00	-1.610596e+00
6.630944028164290e-02	-3.583667e+00	-1.832540e+00
6.650475278164290e-02	-3.583518e+00	-2.026922e+00
6.670006528164291e-02	-3.583369e+00	-2.190816e+00
6.689537778164291e-02	-3.583269e+00	-2.321759e+00
6.709069028164291e-02	-3.584906e+00	-2.417780e+00
6.728600278164291e-02	-3.594654e+00	-2.477435e+00
6.748131528164292e-02	-3.609016e+00	-2.499828e+00
6.764305496675023e-02	-3.616198e+00	-2.489908e+00
6.783836746675023e-02	-3.618855e+00	-2.443713e+00
6.803367996675024e-02	-3.619053e+00	-2.360762e+00
6.822899246675024e-02	-3.618917e+00	-2.242303e+00
6.842430496675024e-02	-3.618766e+00	-2.090118e+00
6.861961746675024e-02	-3.618616e+00	-1.906495e+00
6.881492996675025e-02	-3.618465e+00	-1.694197e+00
6.901024246675025e-02	-3.618315e+00	-1.456417e+00
6.920555496675025e-02	-3.618165e+00	-1.196730e+00
6.940086746675025e-02	-3.618014e+00	-9.190443e-01
6.959617996675026e-02	-3.617864e+00	-6.275349e-01
6.979149246675026e-02	-3.617714e+00	-3.265868e-01
6.998680496675026e-02	-3.617563e+00	-2.072647e-02
7.018211746675027e-02	-3.617413e+00	2.854456e-01
7.037742996675027e-02	-3.617263e+00	5.873243e-01
7.057274246675027e-02	-3.617112e+00	8.803690e-01
7.076805496675027e-02	-3.616962e+00	1.160172e+00
7.096336746675028e-02	-3.616812e+00	1.422525e+00
7.115867996675028e-02	-3.616662e+00	1.663482e+00
7.135399246675028e-02	-3.616511e+00	1.879419e+00
7.154930496675029e-02	-3.616361e+00	2.067088e+00
7.174461746675029e-02	-3.616211e+00	2.223665e+00
7.193992996675029e-02	-3.616060e+00	2.346797e+00
7.213524246675029e-02	-3.615910e+00	2.434630e+00
7.233055496675030e-02	-3.615760e+00	2.485845e+00
7.252586746675030e-02	-3.615610e+00	2.499670e+00
7.269211975989510e-02	-3.615482e+00	2.481808e+00
7.288743225989511e-02	-3.615331e+00	2.426292e+00
7.308274475989511e-02	-3.615181e+00	2.334282e+00
7.327805725989511e-02	-3.615031e+00	2.207163e+00
7.347336975989512e-02	-3.614881e+00	2.046846e+00
7.366868225989512e-02	-3.614731e+00	1.855742e+00
7.386399475989512e-02	-3.614580e+00	1.636726e+00
7.405930725989512e-02	-3.614430e+00	1.393093e+00
7.425461975989513e-02	-3.614280e+00	1.128506e+00
7.444993225989513e-02	-3.614130e+00	8.469449e-01
7.464524475989513e-02	-3.613980e+00	5.526453e-01
7.484055725989514e-02	-3.613829e+00	2.500333e-01
7.503586975989514e-02	-3.613679e+00	-5.633932e-02
7.523118225989514e-02	-3.613529e+00	-3.618646e-01
7.542649475989514e-02	-3.613379e+00	-6.619471e-01
7.562180725989515e-02	-3.613229e+00	-9.520733e-01
7.581711975989515e-02	-3.613079e+00	-1.227879e+00
7.601243225989515e-02	-3.612928e+00	-1.485217e+00
7.620774475989515e-02	-3.612778e+00	-1.720216e+00
7.640305725989516e-02	-3.612628e+00	-1.929341e+00
7.659836975989516e-02	-3.612478e+00	-2.109447e+00
7.679368225989516e-02	-3.612329e+00	-2.257824e+00
7.698899475989517e-02	-3.612307e+00	-2.372242e+00
7.718430725989517e-02	-3.614509e+00	-2.450980e+00
7.737961975989517e-02	-3.622570e+00	-2.492852e+00
7.757493225989517e-02	-3.631846e+00	-2.497230e+00
7.777024475989518e-02	-3.635832e+00	-2.464046e+00
7.796555725989518e-02	-3.636421e+00	-2.393802e+00
7.816086975989518e-02	-3.636315e+00	-2.287552e+00
7.835618225989519e-02	-3.636164e+00	-2.146895e+00
7.855149475989519e-02	-3.636013e+00	-1.973948e+00
7.874680725989519e-02	-3.635862e+00	-1.771310e+00
7.894211975989519e-02	-3.635711e+00	-1.542030e+00
7.913743225989520e-02	-3.635560e+00	-1.289556e+00
7.933274475989520e-02	-3.635409e+00	-1.017686e+00
7.952805725989520e-02	-3.635258e+00	-7.305094e-01
7.972336975989520e-02	-3.635107e+00	-4.323452e-01
7.991868225989521e-02	-3.634956e+00	-1.276780e-01
8.011399475989521e-02	-3.634805e+00	1.789095e-01
8.030930725989521e-02	-3.634654e+00	4.828061e-01
8.050461975989522e-02	-3.634503e+00	7.794408e-01
8.069993225989522e-02	-3.634351e+00	1.064352e+00
8.089524475989522e-02	-3.634201e+00	1.333254e+00
8.109055725989522e-02	-3.634049e+00	1.582103e+00
8.128586975989523e-02	-3.633898e+00	1.807156e+00
8.148118225989523e-02	-3.633747e+00	2.005027e+00
8.167649475989523e-02	-3.633596e+00	2.172741e+00
8.187180725989524e-02	-3.633446e+00	2.307775e+00
8.206711975989524e-02	-3.633294e+00	2.408098e+00
8.226243225989524e-02	-3.633143e+00	2.472200e+00
8.245774475989524e-02	-3.632993e+00	2.499119e+00
8.263429139127736e-02	-3.632856e+00	2.491106e+00
8.282960389127736e-02	-3.632705e+00	2.446580e+00
8.302491639127736e-02	-3.632554e+00	2.365256e+00
8.322022889127736e-02	-3.632403e+00	2.248356e+00
8.341554139127737e-02	-3.632252e+00	2.097639e+00
8.361085389127737e-02	-3.632101e+00	1.915371e+00
8.380616639127737e-02	-3.631950e+00	1.704294e+00
8.400147889127738e-02	-3.631799e+00	1.467583e+00
8.419679139127738e-02	-3.631649e+00	1.208798e+00
8.439210389127738e-02	-3.631498e+00	9.318322e-01
8.458741639127738e-02	-3.631347e+00	6.408504e-01
8.478272889127739e-02	-3.631196e+00	3.402296e-01
8.497804139127739e-02	-3.631045e+00	3.449141e-02
8.517335389127739e-02	-3.630894e+00	-2.717656e-01
8.536866639127740e-02	-3.630743e+00	-5.739349e-01
8.556397889127740e-02	-3.630592e+00	-8.674717e-01
8.575929139127740e-02	-3.630441e+00	-1.147961e+00
8.595460389127740e-02	-3.630291e+00	-1.411184e+00
8.614991639127741e-02	-3.630140e+00	-1.653181e+00
8.634522889127741e-02	-3.629989e+00	-1.870313e+00
8.654054139127741e-02	-3.629838e+00	-2.059314e+00
8.673585389127741e-02	-3.629687e+00	-2.217340e+00
8.693116639127742e-02	-3.629560e+00	-2.342016e+00
8.712647889127742e-02	-3.630148e+00	-2.431466e+00
8.732179139127742e-02	-3.634599e+00	-2.484344e+00
8.751710389127743e-02	-3.642235e+00	-2.499856e+00
8.767785037625722e-02	-3.646578e+00	-2.484407e+00
8.787316287625722e-02	-3.648130e+00	-2.431597e+00
8.806847537625723e-02	-3.648159e+00	-2.342213e+00
8.826378787625723e-02	-3.648013e+00	-2.217600e+00
8.845910037625723e-02	-3.647861e+00	-2.059633e+00
8.865441287625724e-02	-3.647710e+00	-1.870686e+00
8.884972537625724e-02	-3.647558e+00	-1.653603e+00
8.904503787625724e-02	-3.647406e+00	-1.411648e+00
8.924035037625724e-02	-3.647255e+00	-1.148461e+00
8.943566287625725e-02	-3.647103e+00	-8.679994e-01
8.963097537625725e-02	-3.646952e+00	-5.744826e-01
8.982628787625725e-02	-3.646800e+00	-2.723249e-01
9.002160037625725e-02	-3.646649e+00	3.392875e-02
9.021691287625726e-02	-3.646497e+00	3.396721e-01
9.041222537625726e-02	-3.646346e+00	6.403065e-01
9.060753787625726e-02	-3.646194e+00	9.313100e-01
9.080285037625727e-02	-3.646042e+00	1.208306e+00
9.099816287625727e-02	-3.645891e+00	1.467128e+00
9.119347537625727e-02	-3.645740e+00	1.703882e+00
9.138878787625727e-02	-3.645588e+00	1.915009e+00
9.158410037625728e-02	-3.645437e+00	2.097332e+00
9.177941287625728e-02	-3.645285e+00	2.248110e+00
9.197472537625728e-02	-3.645133e+00	2.365074e+00
9.217003787625729e-02	-3.644982e+00	2.446465e+00
9.236535037625729e-02	-3.644830e+00	2.491058e+00
9.256066287625729e-02	-3.644679e+00	2.498184e+00
9.274876925714932e-02	-3.644533e+00	2.469522e+00
9.294408175714933e-02	-3.644382e+00	2.403311e+00
9.313939425714933e-02	-3.644230e+00	2.300952e+00
9.333470675714933e-02	-3.644079e+00	2.163984e+00
9.353001925714934e-02	-3.643928e+00	1.994468e+00
9.372533175714934e-02	-3.643776e+00	1.794953e+00
9.392064425714934e-02	-3.643625e+00	1.568440e+00
9.411595675714934e-02	-3.643473e+00	1.318337e+00
9.431126925714935e-02	-3.643322e+00	1.048405e+00
9.450658175714935e-02	-3.643170e+00	7.627033e-01
9.470189425714935e-02	-3.643019e+00	4.655302e-01
9.489720675714935e-02	-3.642868e+00	1.613550e-01
9.509251925714936e-02	-3.642716e+00	-1.452471e-01
9.528783175714936e-02	-3.642565e+00	-4.496645e-01
9.548314425714936e-02	-3.642414e+00	-7.473186e-01
9.567845675714937e-02	-3.642262e+00	-1.033732e+00
9.587376925714937e-02	-3.642111e+00	-1.304598e+00
9.606908175714937e-02	-3.641959e+00	-1.555841e+00
9.626439425714937e-02	-3.641808e+00	-1.783682e+00
9.645970675714938e-02	-3.641657e+00	-1.984696e+00
9.665501925714938e-02	-3.641505e+00	-2.155858e+00
9.685033175714938e-02	-3.641357e+00	-2.294594e+00
9.704564425714939e-02	-3.641361e+00	-2.398816e+00
9.724095675714939e-02	-3.643203e+00	-2.466959e+00
9.743626925714939e-02	-3.648819e+00	-2.497996e+00
9.762630176344739e-02	-3.654455e+00	-2.492132e+00
9.782161426344739e-02	-3.656640e+00	-2.449130e+00
9.801692676344739e-02	-3.656823e+00	-2.369291e+00
9.821223926344740e-02	-3.656686e+00	-2.253815e+00
9.840755176344740e-02	-3.656534e+00	-2.104440e+00
9.860286426344740e-02	-3.656382e+00	-1.923412e+00
9.879817676344740e-02	-3.656230e+00	-1.713454e+00
9.899348926344741e-02	-3.656078e+00	-1.477725e+00
9.918880176344741e-02	-3.655926e+00	-1.219769e+00
9.938411426344741e-02	-3.655774e+00	-9.434661e-01
9.957942676344742e-02	-3.655622e+00	-6.529730e-01
9.977473926344742e-02	-3.655471e+00	-3.526585e-01
9.997005176344742e-02	-3.655319e+00	-4.703980e-02
1.001653642634474e-01	-3.655167e+00	2.592865e-01
1.003606767634474e-01	-3.655015e+00	5.617128e-01
1.005559892634474e-01	-3.654863e+00	8.556905e-01
1.007513017634474e-01	-3.654711e+00	1.136798e+00
1.009466142634474e-01	-3.654559e+00	1.400807e+00
1.011419267634474e-01	-3.654408e+00	1.643746e+00
1.013372392634474e-01	-3.654256e+00	1.861962e+00
1.015325517634474e-01	-3.654104e+00	2.052172e+00
1.017278642634474e-01	-3.653952e+00	2.211516e+00
1.019231767634474e-01	-3.653800e+00	2.337596e+00
1.021184892634475e-01	-3.653648e+00	2.428517e+00
1.023138017634475e-01	-3.653496e+00	2.482911e+00
1.025091142634475e-01	-3.653345e+00	2.499959e+00
1.026648408927648e-01	-3.653224e+00	2.486603e+00
1.028601533927648e-01	-3.653072e+00	2.436263e+00
1.030554658927648e-01	-3.652920e+00	2.349280e+00
1.032507783927648e-01	-3.652768e+00	2.226961e+00
1.034460908927648e-01	-3.652616e+00	2.071147e+00
1.036414033927648e-01	-3.652464e+00	1.884180e+00
1.038367158927648e-01	-3.652313e+00	1.668874e+00
1.040320283927648e-01	-3.652161e+00	1.428467e+00
1.042273408927648e-01	-3.652009e+00	1.166574e+00
1.044226533927648e-01	-3.651857e+00	8.871343e-01
1.046179658927648e-01	-3.651706e+00	5.943515e-01
1.048132783927648e-01	-3.651554e+00	2.926292e-01
1.050085908927648e-01	-3.651402e+00	-1.349448e-02
1.052039033927648e-01	-3.651250e+00	-3.194152e-01
1.053992158927648e-01	-3.651099e+00	-6.205317e-01
1.055945283927648e-01	-3.650947e+00	-9.123147e-01
1.057898408927648e-01	-3.650795e+00	-1.190376e+00
1.059851533927648e-01	-3.650644e+00	-1.450532e+00
1.061804658927648e-01	-3.650492e+00	-1.688872e+00
1.063757783927648e-01	-3.650340e+00	-1.901809e+00
1.065710908927648e-01	-3.650188e+00	-2.086141e+00
1.067664033927648e-01	-3.650037e+00	-2.239095e+00
1.069617158927648e-01	-3.649912e+00	-2.358372e+00
1.071570283927648e-01	-3.650419e+00	-2.442176e+00
1.073523408927648e-01	-3.653875e+00	-2.489248e+00
1.075476533927648e-01	-3.659478e+00	-2.498879e+00
1.077275904289604e-01	-3.662676e+00	-2.474483e+00
1.079229029289604e-01	-3.663437e+00	-2.412261e+00
1.081182154289604e-01	-3.663357e+00	-2.313756e+00
1.083135279289604e-01	-3.663206e+00	-2.180451e+00
1.085088404289604e-01	-3.663054e+00	-2.014349e+00
1.087041529289604e-01	-3.662902e+00	-1.817950e+00
1.088994654289604e-01	-3.662750e+00	-1.594207e+00
1.090947779289604e-01	-3.662598e+00	-1.346486e+00
1.092900904289604e-01	-3.662445e+00	-1.078512e+00
1.094854029289604e-01	-3.662293e+00	-7.943165e-01
1.096807154289604e-01	-3.662141e+00	-4.981737e-01
1.098760279289605e-01	-3.661989e+00	-1.945380e-01
1.100713404289605e-01	-3.661837e+00	1.120238e-01
1.102666529289605e-01	-3.661685e+00	4.169006e-01
1.104619654289605e-01	-3.661532e+00	7.155069e-01
1.106572779289605e-01	-3.661380e+00	1.003351e+00
1.108525904289605e-01	-3.661228e+00	1.276104e+00
1.110479029289605e-01	-3.661076e+00	1.529663e+00
1.112432154289605e-01	-3.660924e+00	1.760215e+00
1.114385279289605e-01	-3.660772e+00	1.964292e+00
1.116338404289605e-01	-3.660619e+00	2.138823e+00
1.118291529289605e-01	-3.660467e+00	2.281185e+00
1.120244654289605e-01	-3.660315e+00	2.389235e+00
1.122197779289605e-01	-3.660163e+00	2.461350e+00
1.124150904289605e-01	-3.660011e+00	2.496443e+00
1.126104029289605e-01	-3.659859e+00	2.493988e+00
1.128057154289605e-01	-3.659707e+00	2.454020e+00
1.130010279289605e-01	-3.659555e+00	2.377142e+00
1.131963404289605e-01	-3.659403e+00	2.264509e+00
1.133916529289605e-01	-3.659251e+00	2.117816e+00
1.135869654289605e-01	-3.659099e+00	1.939269e+00
1.137822779289605e-01	-3.658947e+00	1.731554e+00
1.139775904289605e-01	-3.658794e+00	1.497795e+00
1.141729029289605e-01	-3.658643e+00	1.241507e+00
1.143682154289605e-01	-3.658490e+00	9.665458e-01
1.145635279289605e-01	-3.658338e+00	6.770470e-01
1.147588404289605e-01	-3.658186e+00	3.773647e-01
1.149541529289605e-01	-3.658034e+00	7.200645e-02
1.151494654289605e-01	-3.657882e+00	-2.344348e-01
1.153447779289605e-01	-3.657730e+00	-5.373499e-01
1.155400904289605e-01	-3.657578e+00	-8.321828e-01
1.157354029289605e-01	-3.657426e+00	-1.114499e+00
1.159307154289605e-01	-3.657274e+00	-1.380052e+00
1.161260279289605e-01	-3.657122e+00	-1.624848e+00
1.163213404289605e-01	-3.656971e+00	-1.845204e+00
1.165166529289605e-01	-3.656818e+00	-2.037807e+00
1.167119654289605e-01	-3.656667e+00	-2.199759e+00
1.169072779289606e-01	-3.656522e+00	-2.328625e+00
1.171025904289606e-01	-3.656636e+00	-2.422467e+00
1.172979029289606e-01	-3.658756e+00	-2.479872e+00
1.174932154289606e-01	-3.663607e+00	-2.499977e+00
1.176474782877567e-01	-3.667041e+00	-2.489275e+00
1.178427907877568e-01	-3.668613e+00	-2.442237e+00
1.180381032877568e-01	-3.668685e+00	-2.358466e+00
1.182334157877568e-01	-3.668541e+00	-2.239222e+00
1.184287282877568e-01	-3.668389e+00	-2.086297e+00
1.186240407877568e-01	-3.668236e+00	-1.901993e+00
1.188193532877568e-01	-3.668084e+00	-1.689081e+00
1.190146657877568e-01	-3.667931e+00	-1.450764e+00
1.192099782877568e-01	-3.667779e+00	-1.190626e+00
1.194052907877568e-01	-3.667626e+00	-9.125792e-01
1.196006032877568e-01	-3.667474e+00	-6.208068e-01
1.197959157877568e-01	-3.667322e+00	-3.196969e-01
1.199912282877568e-01	-3.667169e+00	-1.377850e-02
1.201865407877568e-01	-3.667017e+00	2.923472e-01
1.203818532877568e-01	-3.666864e+00	5.940756e-01
1.205771657877568e-01	-3.666712e+00	8.868687e-01
1.207724782877568e-01	-3.666560e+00	1.166322e+00
1.209677907877568e-01	-3.666407e+00	1.428234e+00
1.211631032877568e-01	-3.666255e+00	1.668663e+00
1.213584157877568e-01	-3.666103e+00	1.883994e+00
1.215537282877568e-01	-3.665950e+00	2.070987e+00
1.217490407877568e-01	-3.665798e+00	2.226832e+00
1.219443532877568e-01	-3.665646e+00	2.349183e+00
1.221396657877568e-01	-3.665493e+00	2.436199e+00
1.223349782877568e-01	-3.665341e+00	2.486573e+00
1.225302907877568e-01	-3.665189e+00	2.499547e+00
1.226993219020352e-01	-3.665057e+00	2.480420e+00
1.228946344020352e-01	-3.664905e+00	2.423540e+00
1.230899469020352e-01	-3.664752e+00	2.330208e+00
1.232852594020352e-01	-3.664600e+00	2.201827e+00
1.234805719020352e-01	-3.664448e+00	2.040329e+00
1.236758844020352e-01	-3.664295e+00	1.848143e+00
1.238711969020352e-01	-3.664143e+00	1.628158e+00
1.240665094020352e-01	-3.663991e+00	1.383685e+00
1.242618219020352e-01	-3.663839e+00	1.118399e+00
1.244571344020352e-01	-3.663686e+00	8.362921e-01
1.246524469020352e-01	-3.663534e+00	5.416064e-01
1.248477594020352e-01	-3.663382e+00	2.387744e-01
1.250430719020352e-01	-3.663230e+00	-6.764892e-02
1.252383844020352e-01	-3.663077e+00	-3.730548e-01
1.254336969020352e-01	-3.662925e+00	-6.728496e-01
1.256290094020352e-01	-3.662773e+00	-9.625241e-01
1.258243219020352e-01	-3.662621e+00	-1.237721e+00
1.260196344020352e-01	-3.662469e+00	-1.494302e+00
1.262149469020352e-01	-3.662316e+00	-1.728407e+00
1.264102594020352e-01	-3.662164e+00	-1.936515e+00
1.266055719020351e-01	-3.662012e+00	-2.115497e+00
1.268008844020351e-01	-3.661860e+00	-2.262659e+00
1.269961969020351e-01	-3.661747e+00	-2.375788e+00
1.271915094020351e-01	-3.662355e+00	-2.453184e+00
1.273868219020351e-01	-3.665597e+00	-2.493681e+00
1.275821344020351e-01	-3.670207e+00	-2.496672e+00
1.277774469020351e-01	-3.672596e+00	-2.462110e+00
1.279727594020351e-01	-3.672925e+00	-2.390515e+00
1.281680719020351e-01	-3.672801e+00	-2.282965e+00
1.283633844020350e-01	-3.672648e+00	-2.141077e+00
1.285586969020350e-01	-3.672496e+00	-1.966985e+00
1.287540094020350e-01	-3.672343e+00	-1.763308e+00
1.289493219020350e-01	-3.672190e+00	-1.533109e+00
1.291446344020350e-01	-3.672038e+00	-1.279851e+00
1.293399469020350e-01	-3.671885e+00	-1.007342e+00
1.295352594020350e-01	-3.671733e+00	-7.196826e-01
1.297305719020350e-01	-3.671580e+00	-4.211981e-01
1.299258844020350e-01	-3.671427e+00	-1.163784e-01
1.301211969020349e-01	-3.671275e+00	1.901917e-01
1.303165094020349e-01	-3.671122e+00	4.939012e-01
1.305118219020349e-01	-3.670970e+00	7.901819e-01
1.307071344020349e-01	-3.670817e+00	1.074578e+00
1.309024469020349e-01	-3.670665e+00	1.342811e+00
1.310977594020349e-01	-3.670512e+00	1.590847e+00
1.312930719020349e-01	-3.670360e+00	1.814955e+00
1.314883844020349e-01	-3.670207e+00	2.011764e+00
1.316836969020349e-01	-3.670055e+00	2.178315e+00
1.318790094020348e-01	-3.669902e+00	2.312102e+00
1.320743219020348e-01	-3.669750e+00	2.411112e+00
1.322696344020348e-01	-3.669597e+00	2.473858e+00
1.324649469020348e-01	-3.669445e+00	2.499394e+00
1.326369696324837e-01	-3.669310e+00	2.490748e+00
1.328322821324837e-01	-3.669158e+00	2.445712e+00
1.330275946324836e-01	-3.669005e+00	2.363890e+00
1.332229071324836e-01	-3.668853e+00	2.246513e+00
1.334182196324836e-01	-3.668700e+00	2.095347e+00
1.336135321324836e-01	-3.668548e+00	1.912664e+00
1.338088446324836e-01	-3.668396e+00	1.701214e+00
1.340041571324836e-01	-3.668243e+00	1.464175e+00
1.341994696324836e-01	-3.668091e+00	1.205114e+00
1.343947821324836e-01	-3.667938e+00	9.279271e-01
1.345900946324836e-01	-3.667786e+00	6.367831e-01
1.347854071324835e-01	-3.667634e+00	3.360613e-01
1.349807196324835e-01	-3.667481e+00	3.028479e-02
1.351760321324835e-01	-3.667329e+00	-2.759472e-01
1.353713446324835e-01	-3.667176e+00	-5.780287e-01
1.355666571324835e-01	-3.667024e+00	-8.714161e-01
1.357619696324835e-01	-3.666872e+00	-1.151697e+00
1.359572821324835e-01	-3.666719e+00	-1.414654e+00
1.361525946324835e-01	-3.666567e+00	-1.656335e+00
1.363479071324835e-01	-3.666414e+00	-1.873102e+00
1.365432196324834e-01	-3.666262e+00	-2.061696e+00
1.367385321324834e-01	-3.666110e+00	-2.219280e+00
1.369338446324834e-01	-3.665967e+00	-2.343485e+00
1.371291571324834e-01	-3.666131e+00	-2.432441e+00
1.373244696324834e-01	-3.668240e+00	-2.484811e+00
1.375197821324834e-01	-3.672534e+00	-2.499807e+00
1.376822112928598e-01	-3.675365e+00	-2.483634e+00
1.378775237928598e-01	-3.676401e+00	-2.429996e+00
1.380728362928598e-01	-3.676375e+00	-2.339809e+00
1.382681487928598e-01	-3.676226e+00	-2.214429e+00
1.384634612928597e-01	-3.676073e+00	-2.055743e+00
1.386587737928597e-01	-3.675920e+00	-1.866135e+00
1.388540862928597e-01	-3.675767e+00	-1.648459e+00
1.390493987928597e-01	-3.675615e+00	-1.405989e+00
1.392447112928597e-01	-3.675462e+00	-1.142372e+00
1.394400237928597e-01	-3.675309e+00	-8.615722e-01
1.396353362928597e-01	-3.675156e+00	-5.678136e-01
1.398306487928597e-01	-3.675004e+00	-2.655146e-01
1.400259612928597e-01	-3.674851e+00	4.077810e-02
1.402212737928596e-01	-3.674698e+00	3.464574e-01
1.404165862928596e-01	-3.674546e+00	6.469257e-01
1.406118987928596e-01	-3.674393e+00	9.376636e-01
1.408072112928596e-01	-3.674240e+00	1.214298e+00
1.410025237928596e-01	-3.674088e+00	1.472669e+00
1.411978362928596e-01	-3.673935e+00	1.708889e+00
1.413931487928596e-01	-3.673782e+00	1.919405e+00
1.415884612928596e-01	-3.673630e+00	2.101053e+00
1.417837737928596e-01	-3.673477e+00	2.251098e+00
1.419790862928595e-01	-3.673324e+00	2.367285e+00
1.421743987928595e-01	-3.673172e+00	2.447865e+00
1.423697112928595e-01	-3.673019e+00	2.491628e+00
1.425650237928595e-01	-3.672866e+00	2.497914e+00
1.427558680818621e-01	-3.672717e+00	2.467762e+00
1.429511805818621e-01	-3.672565e+00	2.400216e+00
1.431464930818621e-01	-3.672412e+00	2.296569e+00
1.433418055818621e-01	-3.672259e+00	2.158379e+00
1.435371180818621e-01	-3.672107e+00	1.987725e+00
1.437324305818621e-01	-3.671954e+00	1.787174e+00
1.439277430818620e-01	-3.671802e+00	1.559742e+00
1.441230555818620e-01	-3.671649e+00	1.308850e+00
1.443183680818620e-01	-3.671496e+00	1.038271e+00
1.445136805818620e-01	-3.671344e+00	7.520766e-01
1.447089930818620e-01	-3.671191e+00	4.545698e-01
1.449043055818620e-01	-3.671039e+00	1.502259e-01
1.450996180818620e-01	-3.670886e+00	-1.563776e-01
1.452949305818620e-01	-3.670734e+00	-4.606290e-01
1.454902430818620e-01	-3.670581e+00	-7.579520e-01
1.456855555818619e-01	-3.670429e+00	-1.043875e+00
1.458808680818619e-01	-3.670276e+00	-1.314097e+00
1.460761805818619e-01	-3.670124e+00	-1.564553e+00
1.462714930818619e-01	-3.669971e+00	-1.791478e+00
1.464668055818619e-01	-3.669818e+00	-1.991457e+00
1.466621180818619e-01	-3.669666e+00	-2.161482e+00
1.468574305818619e-01	-3.669515e+00	-2.298997e+00
1.470527430818619e-01	-3.669452e+00	-2.401933e+00
1.472480555818619e-01	-3.670461e+00	-2.468741e+00
1.474433680818618e-01	-3.673946e+00	-2.498417e+00
1.476289434571053e-01	-3.677648e+00	-2.491800e+00
1.478242559571053e-01	-3.679222e+00	-2.448294e+00
1.480195684571053e-01	-3.679322e+00	-2.367963e+00
1.482148809571052e-01	-3.679181e+00	-2.252016e+00
1.484101934571052e-01	-3.679028e+00	-2.102197e+00
1.486055059571052e-01	-3.678875e+00	-1.920759e+00
1.488008184571052e-01	-3.678722e+00	-1.710430e+00
1.489961309571052e-01	-3.678569e+00	-1.474376e+00
1.491914434571052e-01	-3.678416e+00	-1.216145e+00
1.493867559571052e-01	-3.678263e+00	-9.396221e-01
1.495820684571052e-01	-3.678111e+00	-6.489666e-01
1.497773809571052e-01	-3.677958e+00	-3.485500e-01
1.499726934571051e-01	-3.677805e+00	-4.289091e-02
1.501680059571051e-01	-3.677652e+00	2.634133e-01
1.503633184571051e-01	-3.677499e+00	5.657555e-01
1.505586309571051e-01	-3.677346e+00	8.595883e-01
1.507539434571051e-01	-3.677194e+00	1.140492e+00
1.509492559571051e-01	-3.677041e+00	1.404242e+00
1.511445684571051e-01	-3.676888e+00	1.646870e+00
1.513398809571051e-01	-3.676735e+00	1.864728e+00
1.515351934571051e-01	-3.676582e+00	2.054539e+00
1.517305059571050e-01	-3.676430e+00	2.213448e+00
1.519258184571050e-01	-3.676277e+00	2.339064e+00
1.521211309571050e-01	-3.676124e+00	2.429499e+00
1.523164434571050e-01	-3.675971e+00	2.483392e+00
1.525117559571050e-01	-3.675819e+00	2.499932e+00
1.526691423756326e-01	-3.675695e+00	2.485895e+00
1.528644548756326e-01	-3.675543e+00	2.434738e+00
1.530597673756326e-01	-3.675390e+00	2.346961e+00
1.532550798756326e-01	-3.675237e+00	2.223882e+00
1.534503923756326e-01	-3.675085e+00	2.067355e+00
1.536457048756326e-01	-3.674932e+00	1.879733e+00
1.538410173756325e-01	-3.674779e+00	1.663837e+00
1.540363298756325e-01	-3.674626e+00	1.422916e+00
1.542316423756325e-01	-3.674474e+00	1.160593e+00
1.544269548756325e-01	-3.674321e+00	8.808140e-01
1.546222673756325e-01	-3.674168e+00	5.877863e-01
1.548175798756325e-01	-3.674016e+00	2.859179e-01
1.550128923756325e-01	-3.673863e+00	-2.025107e-02
1.552082048756325e-01	-3.673710e+00	-3.261154e-01
1.554035173756325e-01	-3.673558e+00	-6.270747e-01
1.555988298756324e-01	-3.673405e+00	-9.186022e-01
1.557941423756324e-01	-3.673252e+00	-1.196313e+00
1.559894548756324e-01	-3.673100e+00	-1.456030e+00
1.561847673756324e-01	-3.672947e+00	-1.693847e+00
1.563800798756324e-01	-3.672795e+00	-1.906187e+00
1.565753923756324e-01	-3.672642e+00	-2.089857e+00
1.567707048756324e-01	-3.672489e+00	-2.242093e+00
1.569660173756324e-01	-3.672354e+00	-2.360605e+00
1.571613298756324e-01	-3.672623e+00	-2.443612e+00
1.573566423756323e-01	-3.674897e+00	-2.489865e+00
1.575519548756323e-01	-3.678845e+00	-2.498668e+00
1.577345932892081e-01	-3.681242e+00	-2.472891e+00
1.579299057892081e-01	-3.681775e+00	-2.409349e+00
1.581252182892081e-01	-3.681675e+00	-2.309568e+00
1.583205307892080e-01	-3.681523e+00	-2.175048e+00
1.585158432892080e-01	-3.681370e+00	-2.007815e+00
1.587111557892080e-01	-3.681217e+00	-1.810381e+00
1.589064682892080e-01	-3.681064e+00	-1.585718e+00
1.591017807892080e-01	-3.680911e+00	-1.337204e+00
1.592970932892080e-01	-3.680758e+00	-1.068578e+00
1.594924057892080e-01	-3.680605e+00	-7.838787e-01
1.596877182892080e-01	-3.680452e+00	-4.873895e-01
1.598830307892080e-01	-3.680299e+00	-1.835694e-01
1.600783432892079e-01	-3.680146e+00	1.230117e-01
1.602736557892079e-01	-3.679993e+00	4.277426e-01
1.604689682892079e-01	-3.679841e+00	7.260398e-01
1.606642807892079e-01	-3.679688e+00	1.013417e+00
1.608595932892079e-01	-3.679535e+00	1.285551e+00
1.610549057892079e-01	-3.679382e+00	1.538349e+00
1.612502182892079e-01	-3.679229e+00	1.768009e+00
1.614455307892079e-01	-3.679076e+00	1.971077e+00
1.616408432892079e-01	-3.678923e+00	2.144498e+00
1.618361557892078e-01	-3.678770e+00	2.285663e+00
1.620314682892078e-01	-3.678617e+00	2.392450e+00
1.622267807892078e-01	-3.678464e+00	2.463253e+00
1.624220932892078e-01	-3.678312e+00	2.497005e+00
1.626174057892078e-01	-3.678159e+00	2.493201e+00
1.628127182892078e-01	-3.678006e+00	2.451896e+00
1.630080307892078e-01	-3.677853e+00	2.373713e+00
1.632033432892078e-01	-3.677700e+00	2.259827e+00
1.633986557892078e-01	-3.677547e+00	2.111950e+00
1.635939682892077e-01	-3.677395e+00	1.932309e+00
1.637892807892077e-01	-3.677242e+00	1.723603e+00
1.639845932892077e-01	-3.677089e+00	1.488973e+00
1.641799057892077e-01	-3.676936e+00	1.231947e+00
1.643752182892077e-01	-3.676783e+00	9.563918e-01
1.645705307892077e-01	-3.676631e+00	6.664514e-01
1.647658432892077e-01	-3.676478e+00	3.664870e-01
1.649611557892077e-01	-3.676325e+00	6.101029e-02
1.651564682892077e-01	-3.676172e+00	-2.453841e-01
1.653517807892076e-01	-3.676020e+00	-5.480877e-01
1.655470932892076e-01	-3.675867e+00	-8.425475e-01
1.657424057892076e-01	-3.675714e+00	-1.124335e+00
1.659377182892076e-01	-3.675561e+00	-1.389211e+00
1.661330307892076e-01	-3.675409e+00	-1.633192e+00
1.663283432892076e-01	-3.675256e+00	-1.852608e+00
1.665236557892076e-01	-3.675103e+00	-2.044159e+00
1.667189682892076e-01	-3.674950e+00	-2.204965e+00
1.669142807892076e-01	-3.674803e+00	-2.332605e+00
1.671095932892075e-01	-3.674848e+00	-2.425161e+00
1.673049057892075e-01	-3.676368e+00	-2.481241e+00
1.675002182892075e-01	-3.679995e+00	-2.500000e+00
1.676503554443612e-01	-3.682580e+00	-2.488852e+00
1.678456679443612e-01	-3.683819e+00	-2.441267e+00
1.680409804443612e-01	-3.683847e+00	-2.356963e+00
1.682362929443612e-01	-3.683701e+00	-2.237208e+00
1.684316054443612e-01	-3.683548e+00	-2.083804e+00
1.686269179443612e-01	-3.683395e+00	-1.899057e+00
1.688222304443611e-01	-3.683242e+00	-1.685746e+00
1.690175429443611e-01	-3.683089e+00	-1.447081e+00
1.692128554443611e-01	-3.682935e+00	-1.186650e+00
1.694081679443611e-01	-3.682782e+00	-9.083701e-01
1.696034804443611e-01	-3.682629e+00	-6.164279e-01
1.697987929443611e-01	-3.682476e+00	-3.152141e-01
1.699941054443611e-01	-3.682323e+00	-9.259125e-03
1.701894179443611e-01	-3.682170e+00	2.968351e-01
1.703847304443611e-01	-3.682017e+00	5.984647e-01
1.705800429443610e-01	-3.681864e+00	8.910927e-01
1.707753554443610e-01	-3.681711e+00	1.170318e+00
1.709706679443610e-01	-3.681558e+00	1.431940e+00
1.711659804443610e-01	-3.681405e+00	1.672025e+00
1.713612929443610e-01	-3.681252e+00	1.886961e+00
1.715566054443610e-01	-3.681099e+00	2.073516e+00
1.717519179443610e-01	-3.680946e+00	2.228882e+00
1.719472304443610e-01	-3.680794e+00	2.350725e+00
1.721425429443610e-01	-3.680640e+00	2.437210e+00
1.723378554443609e-01	-3.680488e+00	2.487037e+00
1.725331679443609e-01	-3.680335e+00	2.499457e+00
1.727040064699660e-01	-3.680201e+00	2.479490e+00
1.728993189699660e-01	-3.680048e+00	2.421724e+00
1.730946314699660e-01	-3.679895e+00	2.327532e+00
1.732899439699659e-01	-3.679742e+00	2.198333e+00
1.734852564699659e-01	-3.679589e+00	2.036068e+00
1.736805689699659e-01	-3.679436e+00	1.843179e+00
1.738758814699659e-01	-3.679283e+00	1.622567e+00
1.740711939699659e-01	-3.679130e+00	1.377550e+00
1.742665064699659e-01	-3.678977e+00	1.111813e+00
1.744618189699659e-01	-3.678825e+00	8.293540e-01
1.746571314699659e-01	-3.678672e+00	5.344204e-01
1.748524439699659e-01	-3.678519e+00	2.314486e-01
1.750477564699658e-01	-3.678366e+00	-7.500443e-02
1.752430689699658e-01	-3.678213e+00	-3.803293e-01
1.754383814699658e-01	-3.678060e+00	-6.799337e-01
1.756336939699658e-01	-3.677907e+00	-9.693112e-01
1.758290064699658e-01	-3.677755e+00	-1.244109e+00
1.760243189699658e-01	-3.677602e+00	-1.500195e+00
1.762196314699658e-01	-3.677449e+00	-1.733716e+00
1.764149439699658e-01	-3.677296e+00	-1.941161e+00
1.766102564699658e-01	-3.677143e+00	-2.119409e+00
1.768055689699657e-01	-3.676991e+00	-2.265778e+00
1.770008814699657e-01	-3.676868e+00	-2.378069e+00
1.771961939699657e-01	-3.677301e+00	-2.454591e+00
1.773915064699657e-01	-3.679804e+00	-2.494194e+00
1.775868189699657e-01	-3.683460e+00	-2.496281e+00
1.777821314699657e-01	-3.685386e+00	-2.460823e+00
1.779774439699657e-01	-3.685626e+00	-2.388351e+00
1.781727564699657e-01	-3.685495e+00	-2.279956e+00
1.783680689699657e-01	-3.685342e+00	-2.137269e+00
1.785633814699656e-01	-3.685189e+00	-1.962435e+00
1.787586939699656e-01	-3.685036e+00	-1.758084e+00
1.789540064699656e-01	-3.684883e+00	-1.527290e+00
1.791493189699656e-01	-3.684730e+00	-1.273524e+00
1.793446314699656e-01	-3.684577e+00	-1.000603e+00
1.795399439699656e-01	-3.684423e+00	-7.126325e-01
1.797352564699656e-01	-3.684270e+00	-4.139430e-01
1.799305689699656e-01	-3.684117e+00	-1.090274e-01
1.801258814699656e-01	-3.683964e+00	1.975280e-01
1.803211939699655e-01	-3.683811e+00	5.011125e-01
1.805165064699655e-01	-3.683658e+00	7.971598e-01
1.807118189699655e-01	-3.683505e+00	1.081217e+00
1.809071314699655e-01	-3.683352e+00	1.349012e+00
1.811024439699655e-01	-3.683199e+00	1.596516e+00
1.812977564699655e-01	-3.683046e+00	1.820007e+00
1.814930689699655e-01	-3.682893e+00	2.016124e+00
1.816883814699655e-01	-3.682739e+00	2.181916e+00
1.818836939699655e-01	-3.682586e+00	2.314890e+00
1.820790064699654e-01	-3.682433e+00	2.413047e+00
1.822743189699654e-01	-3.682280e+00	2.474908e+00
1.824696314699654e-01	-3.682127e+00	2.499545e+00
1.826387114222882e-01	-3.681995e+00	2.490511e+00
1.828340239222882e-01	-3.681842e+00	2.445143e+00
1.830293364222882e-01	-3.681689e+00	2.362998e+00
1.832246489222882e-01	-3.681536e+00	2.245311e+00
1.834199614222882e-01	-3.681383e+00	2.093853e+00
1.836152739222882e-01	-3.681230e+00	1.910901e+00
1.838105864222882e-01	-3.681077e+00	1.699208e+00
1.840058989222882e-01	-3.680924e+00	1.461957e+00
1.842012114222882e-01	-3.680771e+00	1.202716e+00
1.843965239222881e-01	-3.680618e+00	9.253860e-01
1.845918364222881e-01	-3.680465e+00	6.341369e-01
1.847871489222881e-01	-3.680312e+00	3.333499e-01
1.849824614222881e-01	-3.680159e+00	2.754898e-02
1.851777739222881e-01	-3.680006e+00	-2.786663e-01
1.853730864222881e-01	-3.679853e+00	-5.806902e-01
1.855683989222881e-01	-3.679701e+00	-8.739800e-01
1.857637114222881e-01	-3.679548e+00	-1.154124e+00
1.859590239222881e-01	-3.679395e+00	-1.416909e+00
1.861543364222880e-01	-3.679242e+00	-1.658383e+00
1.863496489222880e-01	-3.679089e+00	-1.874913e+00
1.865449614222880e-01	-3.678936e+00	-2.063242e+00
1.867402739222880e-01	-3.678783e+00	-2.220539e+00
1.869355864222880e-01	-3.678638e+00	-2.344436e+00
1.871308989222880e-01	-3.678733e+00	-2.433071e+00
1.873262114222880e-01	-3.680389e+00	-2.485111e+00
1.875215239222880e-01	-3.683902e+00	-2.499771e+00
1.876850473892766e-01	-3.686291e+00	-2.483121e+00
1.878803598892766e-01	-3.687153e+00	-2.428946e+00
1.880756723892766e-01	-3.687108e+00	-2.338237e+00
1.882709848892766e-01	-3.686958e+00	-2.212358e+00
1.884662973892766e-01	-3.686804e+00	-2.053204e+00
1.886616098892766e-01	-3.686651e+00	-1.863168e+00
1.888569223892766e-01	-3.686498e+00	-1.645108e+00
1.890522348892766e-01	-3.686345e+00	-1.402304e+00
1.892475473892765e-01	-3.686192e+00	-1.138408e+00
1.894428598892765e-01	-3.686038e+00	-8.573889e-01
1.896381723892765e-01	-3.685885e+00	-5.634742e-01
1.898334848892765e-01	-3.685732e+00	-2.610844e-01
1.900287973892765e-01	-3.685579e+00	4.523237e-02
1.902241098892765e-01	-3.685426e+00	3.508688e-01
1.904194223892765e-01	-3.685273e+00	6.512278e-01
1.906147348892765e-01	-3.685119e+00	9.417918e-01
1.908100473892765e-01	-3.684966e+00	1.218190e+00
1.910053598892764e-01	-3.684813e+00	1.476266e+00
1.912006723892764e-01	-3.684660e+00	1.712138e+00
1.913959848892764e-01	-3.684507e+00	1.922257e+00
1.915912973892764e-01	-3.684354e+00	2.103463e+00
1.917866098892764e-01	-3.684201e+00	2.253032e+00
1.919819223892764e-01	-3.684048e+00	2.368713e+00
1.921772348892764e-01	-3.683895e+00	2.448766e+00
1.923725473892764e-01	-3.683742e+00	2.491988e+00
1.925678598892764e-01	-3.683589e+00	2.497728e+00
1.927604845974082e-01	-3.683437e+00	2.466591e+00
1.929557970974082e-01	-3.683284e+00	2.398178e+00
1.931511095974082e-01	-3.683131e+00	2.293694e+00
1.933464220974082e-01	-3.682978e+00	2.154711e+00
1.935417345974082e-01	-3.682825e+00	1.983318e+00
1.937370470974082e-01	-3.682672e+00	1.782095e+00
1.939323595974082e-01	-3.682519e+00	1.554068e+00
1.941276720974082e-01	-3.682366e+00	1.302666e+00
1.943229845974082e-01	-3.682213e+00	1.031670e+00
1.945182970974081e-01	-3.682060e+00	7.451577e-01
1.947136095974081e-01	-3.681907e+00	4.474372e-01
1.949089220974081e-01	-3.681754e+00	1.429868e-01
1.951042345974081e-01	-3.681601e+00	-1.636143e-01
1.952995470974081e-01	-3.681448e+00	-4.677545e-01
1.954948595974081e-01	-3.681295e+00	-7.648591e-01
1.956901720974081e-01	-3.681142e+00	-1.050460e+00
1.958854845974081e-01	-3.680989e+00	-1.320260e+00
1.960807970974081e-01	-3.680836e+00	-1.570203e+00
1.962761095974080e-01	-3.680683e+00	-1.796528e+00
1.964714220974080e-01	-3.680530e+00	-1.995832e+00
1.966667345974080e-01	-3.680377e+00	-2.165117e+00
1.968620470974080e-01	-3.680226e+00	-2.301836e+00
1.970573595974080e-01	-3.680151e+00	-2.403934e+00
1.972526720974080e-01	-3.680982e+00	-2.469874e+00
1.974479845974080e-01	-3.683925e+00	-2.498665e+00
1.976306610209089e-01	-3.687044e+00	-2.491580e+00
1.978259735209089e-01	-3.688404e+00	-2.447747e+00
1.980212860209089e-01	-3.688474e+00	-2.367097e+00
1.982165985209089e-01	-3.688330e+00	-2.250844e+00
1.984119110209089e-01	-3.688177e+00	-2.100736e+00
1.986072235209089e-01	-3.688024e+00	-1.919031e+00
1.988025360209089e-01	-3.687870e+00	-1.708462e+00
1.989978485209088e-01	-3.687717e+00	-1.472196e+00
1.991931610209088e-01	-3.687564e+00	-1.213787e+00
1.993884735209088e-01	-3.687411e+00	-9.371214e-01
1.995837860209088e-01	-3.687258e+00	-6.463608e-01
1.997790985209088e-01	-3.687104e+00	-3.458782e-01
1.999744110209088e-01	-3.686951e+00	-4.019334e-02
2.000000000000000e-01	-3.686931e+00	-1.224647e-14
