time	V(n002)	V(n004)	Id(M1)
0.000000000000000e+00	5.958320e-12	0.000000e+00	8.295443e-04
4.882812557061023e-11	-8.379225e-07	1.889057e-11	8.295443e-04
9.765625114122045e-11	-3.443420e-06	-1.606988e-09	8.295441e-04
1.953125022824409e-10	-3.479986e-06	1.050036e-08	8.295443e-04
3.906250045648818e-10	-4.540893e-08	1.090135e-08	8.295443e-04
7.812500091297636e-10	-4.275476e-07	2.549923e-08	8.295443e-04
1.562500018259527e-09	-3.914992e-07	4.772797e-08	8.295443e-04
3.125000036519054e-09	-1.686177e-07	9.877417e-08	8.295444e-04
6.250000073038109e-09	-1.899723e-07	1.942346e-07	8.295443e-04
1.250000014607622e-08	-1.485168e-07	3.918338e-07	8.295444e-04
2.500000029215244e-08	-1.255648e-07	7.803527e-07	8.295444e-04
5.000000058430487e-08	-4.493057e-07	1.564067e-06	8.295446e-04
1.000000011686097e-07	-7.232650e-07	3.124826e-06	8.295447e-04
2.000000023372195e-07	-1.611839e-06	6.253008e-06	8.295451e-04
4.000000046744390e-07	-3.079946e-06	1.250270e-05	8.295457e-04
8.000000093488779e-07	-6.313622e-06	2.500866e-05	8.295472e-04
1.600000018697756e-06	-1.247425e-05	5.001334e-05	8.295500e-04
3.200000037395512e-06	-2.510045e-05	1.000248e-04	8.295558e-04
6.400000074791024e-06	-5.003608e-05	2.000052e-04	8.295672e-04
1.128281257479102e-05	-8.830098e-05	3.523981e-04	8.295847e-04
1.616562507479103e-05	-1.262758e-04	5.044532e-04	8.296021e-04
2.104843757479103e-05	-1.643361e-04	6.560364e-04	8.296195e-04
2.593125007479103e-05	-2.020346e-04	8.069962e-04	8.296367e-04
3.081406257479102e-05	-2.397474e-04	9.571994e-04	8.296539e-04
3.569687507479102e-05	-2.770273e-04	1.106496e-03	8.296710e-04
4.057968757479102e-05	-3.142509e-04	1.254753e-03	8.296880e-04
4.546250007479102e-05	-3.509717e-04	1.401824e-03	8.297048e-04
5.034531257479102e-05	-3.875665e-04	1.547578e-03	8.297215e-04
5.522812507479101e-05	-4.235894e-04	1.691870e-03	8.297380e-04
6.011093757479101e-05	-4.594180e-04	1.834572e-03	8.297543e-04
6.499375007479101e-05	-4.946071e-04	1.975542e-03	8.297705e-04
6.987656257479101e-05	-5.295352e-04	2.114655e-03	8.297864e-04
7.475937507479102e-05	-5.637577e-04	2.251772e-03	8.298021e-04
7.964218757479102e-05	-5.976541e-04	2.386772e-03	8.298176e-04
8.452500007479103e-05	-6.307808e-04	2.519520e-03	8.298327e-04
8.940781257479103e-05	-6.635181e-04	2.649900e-03	8.298477e-04
9.429062507479103e-05	-6.954240e-04	2.777780e-03	8.298623e-04
9.917343757479104e-05	-7.268797e-04	2.903048e-03	8.298766e-04
1.040562500747910e-04	-7.574441e-04	3.025578e-03	8.298906e-04
1.089390625747910e-04	-7.875001e-04	3.145263e-03	8.299044e-04
1.138218750747911e-04	-8.166080e-04	3.261982e-03	8.299177e-04
1.187046875747911e-04	-8.451514e-04	3.375634e-03	8.299307e-04
1.235875000747910e-04	-8.726925e-04	3.486103e-03	8.299433e-04
1.284703125747911e-04	-8.996165e-04	3.593293e-03	8.299556e-04
1.333531250747911e-04	-9.254868e-04	3.697096e-03	8.299674e-04
1.382359375747911e-04	-9.506904e-04	3.797422e-03	8.299790e-04
1.431187500747911e-04	-9.747922e-04	3.894168e-03	8.299900e-04
1.480015625747911e-04	-9.981808e-04	3.987252e-03	8.300007e-04
1.528843750747911e-04	-1.020423e-03	4.076577e-03	8.300109e-04
1.577671875747911e-04	-1.041909e-03	4.162068e-03	8.300207e-04
1.626500000747911e-04	-1.062208e-03	4.243636e-03	8.300300e-04
1.675328125747911e-04	-1.081711e-03	4.321213e-03	8.300389e-04
1.724156250747911e-04	-1.099989e-03	4.394717e-03	8.300472e-04
1.772984375747911e-04	-1.117436e-03	4.464088e-03	8.300553e-04
1.821812500747911e-04	-1.133625e-03	4.529251e-03	8.300627e-04
1.870640625747911e-04	-1.148950e-03	4.590154e-03	8.300696e-04
1.919468750747911e-04	-1.162988e-03	4.646732e-03	8.300761e-04
1.968296875747911e-04	-1.176135e-03	4.698938e-03	8.300821e-04
2.017125000747911e-04	-1.187968e-03	4.746716e-03	8.300875e-04
2.065953125747911e-04	-1.198888e-03	4.790030e-03	8.300925e-04
2.114781250747911e-04	-1.208472e-03	4.828829e-03	8.300969e-04
2.163609375747911e-04	-1.217123e-03	4.863087e-03	8.301008e-04
2.212437500747911e-04	-1.224422e-03	4.892761e-03	8.301042e-04
2.261265625747911e-04	-1.230772e-03	4.917834e-03	8.301071e-04
2.310093750747911e-04	-1.235757e-03	4.938272e-03	8.301094e-04
2.358921875747911e-04	-1.239784e-03	4.954065e-03	8.301112e-04
2.407750000747912e-04	-1.242436e-03	4.965189e-03	8.301124e-04
2.456578125747911e-04	-1.244124e-03	4.971644e-03	8.301132e-04
2.505406250747911e-04	-1.244434e-03	4.973413e-03	8.301134e-04
2.554234375747911e-04	-1.243776e-03	4.970504e-03	8.301131e-04
2.603062500747911e-04	-1.241742e-03	4.962911e-03	8.301121e-04
2.651890625747911e-04	-1.238742e-03	4.950651e-03	8.301108e-04
2.700718750747911e-04	-1.234370e-03	4.933724e-03	8.301088e-04
2.749546875747912e-04	-1.229041e-03	4.912157e-03	8.301064e-04
2.798375000747912e-04	-1.222348e-03	4.885961e-03	8.301033e-04
2.847203125747912e-04	-1.214708e-03	4.855169e-03	8.300998e-04
2.896031250747912e-04	-1.205719e-03	4.819802e-03	8.300957e-04
2.944859375747912e-04	-1.195799e-03	4.779902e-03	8.300912e-04
2.993687500747912e-04	-1.184546e-03	4.735496e-03	8.300861e-04
3.042515625747912e-04	-1.172383e-03	4.686637e-03	8.300805e-04
3.091343750747912e-04	-1.158910e-03	4.633361e-03	8.300743e-04
3.140171875747912e-04	-1.144550e-03	4.575727e-03	8.300678e-04
3.189000000747912e-04	-1.128906e-03	4.513780e-03	8.300606e-04
3.237828125747912e-04	-1.112404e-03	4.447588e-03	8.300531e-04
3.286656250747912e-04	-1.094648e-03	4.377204e-03	8.300450e-04
3.335484375747912e-04	-1.076066e-03	4.302704e-03	8.300365e-04
3.384312500747912e-04	-1.056264e-03	4.224147e-03	8.300274e-04
3.433140625747912e-04	-1.035672e-03	4.141618e-03	8.300180e-04
3.481968750747912e-04	-1.013899e-03	4.055185e-03	8.300081e-04
3.530796875747912e-04	-9.913757e-04	3.964939e-03	8.299978e-04
3.579625000747912e-04	-9.677124e-04	3.870954e-03	8.299869e-04
3.628453125747912e-04	-9.433425e-04	3.773329e-03	8.299758e-04
3.677281250747912e-04	-9.178779e-04	3.672147e-03	8.299642e-04
3.726109375747912e-04	-8.917536e-04	3.567512e-03	8.299522e-04
3.774937500747912e-04	-8.645831e-04	3.459513e-03	8.299398e-04
3.823765625747912e-04	-8.368031e-04	3.348261e-03	8.299272e-04
3.872593750747913e-04	-8.080287e-04	3.233852e-03	8.299140e-04
3.921421875747913e-04	-7.786979e-04	3.116401e-03	8.299006e-04
3.970250000747913e-04	-7.484273e-04	2.996012e-03	8.298868e-04
4.019078125747913e-04	-7.176566e-04	2.872806e-03	8.298727e-04
4.067906250747913e-04	-6.860035e-04	2.746891e-03	8.298582e-04
4.116734375747913e-04	-6.539089e-04	2.618392e-03	8.298436e-04
4.165562500747913e-04	-6.209920e-04	2.487424e-03	8.298285e-04
4.214390625747913e-04	-5.876949e-04	2.354117e-03	8.298133e-04
4.263218750747913e-04	-5.536377e-04	2.218588e-03	8.297977e-04
4.312046875747913e-04	-5.192636e-04	2.080975e-03	8.297820e-04
4.360875000747913e-04	-4.841939e-04	1.941397e-03	8.297660e-04
4.409703125747913e-04	-4.488727e-04	1.799994e-03	8.297498e-04
4.458531250747913e-04	-4.129221e-04	1.656891e-03	8.297334e-04
4.507359375747913e-04	-3.767871e-04	1.512232e-03	8.297169e-04
4.556187500747913e-04	-3.400905e-04	1.366144e-03	8.297001e-04
4.605015625747913e-04	-3.032781e-04	1.218772e-03	8.296833e-04
4.653843750747913e-04	-2.659732e-04	1.070248e-03	8.296662e-04
4.702671875747913e-04	-2.286222e-04	9.207192e-04	8.296492e-04
4.751500000747913e-04	-1.908492e-04	7.703179e-04	8.296319e-04
4.800328125747913e-04	-1.531007e-04	6.191944e-04	8.296146e-04
4.849156250747913e-04	-1.150012e-04	4.674820e-04	8.295972e-04
4.897984375747913e-04	-7.699775e-05	3.153326e-04	8.295798e-04
4.946812500747913e-04	-3.871467e-05	1.628804e-04	8.295623e-04
4.995640625747914e-04	-5.995121e-07	1.027774e-05	8.295449e-04
5.044468750747914e-04	3.772314e-05	-1.423406e-04	8.295274e-04
5.093296875747914e-04	7.580606e-05	-2.948221e-04	8.295100e-04
5.142125000747914e-04	1.140247e-04	-4.470322e-04	8.294925e-04
5.190953125747914e-04	1.519317e-04	-5.988186e-04	8.294752e-04
5.239781250747914e-04	1.899028e-04	-7.500475e-04	8.294578e-04
5.288609375747914e-04	2.274909e-04	-9.005676e-04	8.294407e-04
5.337437500747914e-04	2.650718e-04	-1.050246e-03	8.294234e-04
5.386265625747914e-04	3.021989e-04	-1.198933e-03	8.294065e-04
5.435093750747914e-04	3.392487e-04	-1.346498e-03	8.293896e-04
5.483921875747914e-04	3.757749e-04	-1.492793e-03	8.293728e-04
5.532750000747914e-04	4.121544e-04	-1.637689e-03	8.293562e-04
5.581578125747914e-04	4.479418e-04	-1.781040e-03	8.293398e-04
5.630406250747914e-04	4.835145e-04	-1.922722e-03	8.293236e-04
5.679234375747914e-04	5.184280e-04	-2.062590e-03	8.293077e-04
5.728062500747914e-04	5.530605e-04	-2.200524e-03	8.292918e-04
5.776890625747914e-04	5.869683e-04	-2.336384e-03	8.292763e-04
5.825718750747914e-04	6.205306e-04	-2.470050e-03	8.292610e-04
5.874546875747914e-04	6.533045e-04	-2.601390e-03	8.292460e-04
5.923375000747914e-04	6.856706e-04	-2.730286e-03	8.292312e-04
5.972203125747914e-04	7.171871e-04	-2.856611e-03	8.292167e-04
6.021031250747914e-04	7.482356e-04	-2.980253e-03	8.292025e-04
6.069859375747914e-04	7.783756e-04	-3.101087e-03	8.291888e-04
6.118687500747915e-04	8.079900e-04	-3.219008e-03	8.291752e-04
6.167515625747915e-04	8.366397e-04	-3.333897e-03	8.291621e-04
6.216343750747915e-04	8.647090e-04	-3.445654e-03	8.291493e-04
6.265171875747915e-04	8.917601e-04	-3.554166e-03	8.291369e-04
6.314000000747915e-04	9.181789e-04	-3.659338e-03	8.291248e-04
6.362828125747915e-04	9.435292e-04	-3.761064e-03	8.291132e-04
6.411656250747915e-04	9.681987e-04	-3.859255e-03	8.291019e-04
6.460484375747915e-04	9.917525e-04	-3.953812e-03	8.290912e-04
6.509312500747915e-04	1.014580e-03	-4.044654e-03	8.290808e-04
6.558140625747915e-04	1.036248e-03	-4.131685e-03	8.290709e-04
6.606968750747915e-04	1.057148e-03	-4.214835e-03	8.290613e-04
6.655796875747915e-04	1.076849e-03	-4.294015e-03	8.290523e-04
6.704625000747915e-04	1.095743e-03	-4.369159e-03	8.290436e-04
6.753453125747915e-04	1.113401e-03	-4.440188e-03	8.290356e-04
6.802281250747915e-04	1.130219e-03	-4.507045e-03	8.290278e-04
6.851109375747915e-04	1.145769e-03	-4.569656e-03	8.290207e-04
6.899937500747915e-04	1.160447e-03	-4.627973e-03	8.290141e-04
6.948765625747915e-04	1.173829e-03	-4.681931e-03	8.290079e-04
6.997593750747915e-04	1.186313e-03	-4.731489e-03	8.290022e-04
7.046421875747915e-04	1.197476e-03	-4.776591e-03	8.289971e-04
7.095250000747915e-04	1.207719e-03	-4.817204e-03	8.289924e-04
7.144078125747915e-04	1.216621e-03	-4.853279e-03	8.289883e-04
7.192906250747915e-04	1.224585e-03	-4.884793e-03	8.289847e-04
7.241734375747916e-04	1.231193e-03	-4.911707e-03	8.289817e-04
7.290562500747916e-04	1.236848e-03	-4.934004e-03	8.289791e-04
7.339390625747916e-04	1.241135e-03	-4.951654e-03	8.289772e-04
7.388218750747916e-04	1.244461e-03	-4.964651e-03	8.289756e-04
7.437046875747916e-04	1.246412e-03	-4.972971e-03	8.289747e-04
7.485875000747916e-04	1.247396e-03	-4.976618e-03	8.289742e-04
7.534703125747916e-04	1.247002e-03	-4.975577e-03	8.289744e-04
7.583531250747916e-04	1.245641e-03	-4.969860e-03	8.289751e-04
7.632359375747916e-04	1.242904e-03	-4.959462e-03	8.289763e-04
7.681187500747916e-04	1.239204e-03	-4.944403e-03	8.289780e-04
7.730015625747916e-04	1.234133e-03	-4.924688e-03	8.289803e-04
7.778843750747916e-04	1.228108e-03	-4.900343e-03	8.289830e-04
7.827671875747916e-04	1.220722e-03	-4.871384e-03	8.289864e-04
7.876500000747916e-04	1.212395e-03	-4.837845e-03	8.289902e-04
7.925328125747916e-04	1.202722e-03	-4.799752e-03	8.289946e-04
7.974156250747916e-04	1.192125e-03	-4.757146e-03	8.289994e-04
8.022984375747916e-04	1.180201e-03	-4.710060e-03	8.290049e-04
8.071812500747916e-04	1.167373e-03	-4.658548e-03	8.290108e-04
8.120640625747916e-04	1.153242e-03	-4.602648e-03	8.290173e-04
8.169468750747916e-04	1.138233e-03	-4.542422e-03	8.290241e-04
8.218296875747916e-04	1.121948e-03	-4.477918e-03	8.290315e-04
8.267125000747916e-04	1.104814e-03	-4.409206e-03	8.290394e-04
8.315953125747916e-04	1.086436e-03	-4.336341e-03	8.290478e-04
8.364781250747917e-04	1.067243e-03	-4.259401e-03	8.290565e-04
8.413609375747917e-04	1.046841e-03	-4.178449e-03	8.290659e-04
8.462437500747917e-04	1.025660e-03	-4.093571e-03	8.290755e-04
8.511265625747917e-04	1.003310e-03	-4.004837e-03	8.290858e-04
8.560093750747917e-04	9.802229e-04	-3.912340e-03	8.290963e-04
8.608921875747917e-04	9.560087e-04	-3.816158e-03	8.291074e-04
8.657750000747917e-04	9.311018e-04	-3.716390e-03	8.291187e-04
8.706578125747917e-04	9.051143e-04	-3.613121e-03	8.291306e-04
8.755406250747917e-04	8.784817e-04	-3.506459e-03	8.291428e-04
8.804234375747917e-04	8.508183e-04	-3.396493e-03	8.291554e-04
8.853062500747917e-04	8.225610e-04	-3.283336e-03	8.291684e-04
8.901890625747917e-04	7.933252e-04	-3.167087e-03	8.291817e-04
8.950718750747917e-04	7.635496e-04	-3.047862e-03	8.291953e-04
8.999546875747917e-04	7.328514e-04	-2.925766e-03	8.292093e-04
9.048375000747917e-04	7.016705e-04	-2.800923e-03	8.292236e-04
9.097203125747917e-04	6.696246e-04	-2.673441e-03	8.292383e-04
9.146031250747917e-04	6.371557e-04	-2.543448e-03	8.292531e-04
9.194859375747917e-04	6.038828e-04	-2.411059e-03	8.292683e-04
9.243687500747917e-04	5.702485e-04	-2.276407e-03	8.292837e-04
9.292515625747917e-04	5.358732e-04	-2.139609e-03	8.292994e-04
9.341343750747917e-04	5.012006e-04	-2.000804e-03	8.293152e-04
9.390171875747917e-04	4.658521e-04	-1.860112e-03	8.293314e-04
9.439000000747917e-04	4.302719e-04	-1.717676e-03	8.293476e-04
9.487828125747918e-04	3.940827e-04	-1.573621e-03	8.293642e-04
9.536656250747918e-04	3.577294e-04	-1.428090e-03	8.293808e-04
9.585484375747918e-04	3.208354e-04	-1.281213e-03	8.293977e-04
9.634312500747918e-04	2.838463e-04	-1.133135e-03	8.294146e-04
9.683140625747918e-04	2.463858e-04	-9.839889e-04	8.294317e-04
9.731968750747918e-04	2.089003e-04	-8.339222e-04	8.294489e-04
9.780796875747918e-04	1.710141e-04	-6.830678e-04	8.294662e-04
9.829625000747917e-04	1.331737e-04	-5.315765e-04	8.294834e-04
9.878453125747916e-04	9.500398e-05	-3.795821e-04	8.295009e-04
9.927281250747915e-04	5.695166e-05	-2.272364e-04	8.295183e-04
9.976109375747914e-04	1.864146e-05	-7.467396e-05	8.295358e-04
1.002493750074791e-03	-1.947928e-05	7.795272e-05	8.295532e-04
1.007376562574791e-03	-5.778578e-05	2.305089e-04	8.295708e-04
1.012259375074791e-03	-9.583110e-05	3.828421e-04	8.295882e-04
1.017142187574791e-03	-1.339904e-04	5.348179e-04	8.296056e-04
1.022025000074791e-03	-1.718167e-04	6.862843e-04	8.296229e-04
1.026907812574791e-03	-2.096854e-04	8.371076e-04	8.296402e-04
1.031790625074791e-03	-2.471498e-04	9.871371e-04	8.296573e-04
1.036673437574791e-03	-2.845859e-04	1.136240e-03	8.296744e-04
1.041556250074790e-03	-3.215472e-04	1.284268e-03	8.296914e-04
1.046439062574790e-03	-3.584101e-04	1.431090e-03	8.297082e-04
1.051321875074790e-03	-3.947287e-04	1.576559e-03	8.297248e-04
1.056204687574790e-03	-4.308801e-04	1.720548e-03	8.297413e-04
1.061087500074790e-03	-4.664189e-04	1.862910e-03	8.297575e-04
1.065970312574790e-03	-5.017230e-04	2.003523e-03	8.297737e-04
1.070853125074790e-03	-5.363480e-04	2.142244e-03	8.297896e-04
1.075735937574790e-03	-5.706723e-04	2.278951e-03	8.298052e-04
1.080618750074790e-03	-6.042527e-04	2.413508e-03	8.298206e-04
1.085501562574789e-03	-6.374686e-04	2.545796e-03	8.298358e-04
1.090384375074789e-03	-6.698776e-04	2.675681e-03	8.298506e-04
1.095267187574789e-03	-7.018603e-04	2.803052e-03	8.298652e-04
1.100150000074789e-03	-7.329756e-04	2.927778e-03	8.298794e-04
1.105032812574789e-03	-7.636052e-04	3.049752e-03	8.298935e-04
1.109915625074789e-03	-7.933092e-04	3.168849e-03	8.299070e-04
1.114798437574789e-03	-8.224709e-04	3.284967e-03	8.299203e-04
1.119681250074789e-03	-8.506515e-04	3.397987e-03	8.299333e-04
1.124564062574789e-03	-8.782357e-04	3.507812e-03	8.299458e-04
1.129446875074789e-03	-9.047864e-04	3.614330e-03	8.299580e-04
1.134329687574788e-03	-9.306899e-04	3.717448e-03	8.299698e-04
1.139212500074788e-03	-9.555104e-04	3.817062e-03	8.299812e-04
1.144095312574788e-03	-9.796360e-04	3.913086e-03	8.299922e-04
1.148978125074788e-03	-1.002633e-03	4.005422e-03	8.300028e-04
1.153860937574788e-03	-1.024890e-03	4.093990e-03	8.300129e-04
1.158743750074788e-03	-1.045975e-03	4.178700e-03	8.300226e-04
1.163626562574788e-03	-1.066281e-03	4.259479e-03	8.300319e-04
1.168509375074788e-03	-1.085376e-03	4.336243e-03	8.300406e-04
1.173392187574788e-03	-1.103654e-03	4.408929e-03	8.300489e-04
1.178275000074788e-03	-1.120686e-03	4.477460e-03	8.300567e-04
1.183157812574787e-03	-1.136867e-03	4.541780e-03	8.300641e-04
1.188040625074787e-03	-1.151772e-03	4.601819e-03	8.300709e-04
1.192923437574787e-03	-1.165797e-03	4.657530e-03	8.300774e-04
1.197806250074787e-03	-1.178518e-03	4.708851e-03	8.300832e-04
1.202689062574787e-03	-1.190334e-03	4.755743e-03	8.300886e-04
1.207571875074787e-03	-1.200822e-03	4.798153e-03	8.300934e-04
1.212454687574787e-03	-1.210385e-03	4.836051e-03	8.300978e-04
1.217337500074787e-03	-1.218602e-03	4.869391e-03	8.301015e-04
1.222220312574787e-03	-1.225876e-03	4.898150e-03	8.301049e-04
1.227103125074786e-03	-1.231789e-03	4.922294e-03	8.301075e-04
1.231985937574786e-03	-1.236747e-03	4.941808e-03	8.301098e-04
1.236868750074786e-03	-1.240335e-03	4.956665e-03	8.301115e-04
1.241751562574786e-03	-1.242959e-03	4.966860e-03	8.301127e-04
1.246634375074786e-03	-1.244207e-03	4.972374e-03	8.301132e-04
1.251517187574786e-03	-1.244488e-03	4.973211e-03	8.301134e-04
1.256400000074786e-03	-1.243390e-03	4.969362e-03	8.301129e-04
1.261282812574786e-03	-1.241327e-03	4.960838e-03	8.301120e-04
1.266165625074786e-03	-1.237888e-03	4.947640e-03	8.301104e-04
1.271048437574786e-03	-1.233489e-03	4.929787e-03	8.301084e-04
1.275931250074785e-03	-1.227722e-03	4.907289e-03	8.301057e-04
1.280814062574785e-03	-1.221003e-03	4.880175e-03	8.301027e-04
1.285696875074785e-03	-1.212929e-03	4.848463e-03	8.300990e-04
1.290579687574785e-03	-1.203917e-03	4.812189e-03	8.300949e-04
1.295462500074785e-03	-1.193565e-03	4.771381e-03	8.300901e-04
1.300345312574785e-03	-1.182294e-03	4.726085e-03	8.300850e-04
1.305228125074785e-03	-1.169704e-03	4.676335e-03	8.300793e-04
1.310110937574785e-03	-1.156217e-03	4.622187e-03	8.300731e-04
1.314993750074785e-03	-1.141435e-03	4.563682e-03	8.300663e-04
1.319876562574784e-03	-1.125782e-03	4.500885e-03	8.300592e-04
1.324759375074784e-03	-1.108863e-03	4.433846e-03	8.300515e-04
1.329642187574784e-03	-1.091105e-03	4.362637e-03	8.300433e-04
1.334525000074784e-03	-1.072113e-03	4.287316e-03	8.300347e-04
1.339407812574784e-03	-1.052317e-03	4.207963e-03	8.300256e-04
1.344290625074784e-03	-1.031322e-03	4.124643e-03	8.300160e-04
1.349173437574784e-03	-1.009562e-03	4.037444e-03	8.300061e-04
1.354056250074784e-03	-9.866443e-04	3.946439e-03	8.299956e-04
1.358939062574784e-03	-9.630024e-04	3.851723e-03	8.299848e-04
1.363821875074784e-03	-9.382472e-04	3.753376e-03	8.299735e-04
1.368704687574783e-03	-9.128132e-04	3.651499e-03	8.299618e-04
1.373587500074783e-03	-8.863133e-04	3.546180e-03	8.299497e-04
1.378470312574783e-03	-8.591833e-04	3.437525e-03	8.299373e-04
1.383353125074783e-03	-8.310377e-04	3.325630e-03	8.299245e-04
1.388235937574783e-03	-8.023143e-04	3.210607e-03	8.299114e-04
1.393118750074783e-03	-7.726289e-04	3.092556e-03	8.298978e-04
1.398001562574783e-03	-7.424204e-04	2.971598e-03	8.298840e-04
1.402884375074783e-03	-7.113063e-04	2.847838e-03	8.298698e-04
1.407767187574783e-03	-6.797271e-04	2.721399e-03	8.298553e-04
1.412650000074783e-03	-6.473011e-04	2.592394e-03	8.298405e-04
1.417532812574782e-03	-6.144701e-04	2.460951e-03	8.298255e-04
1.422415625074782e-03	-5.808541e-04	2.327186e-03	8.298102e-04
1.427298437574782e-03	-5.468954e-04	2.191234e-03	8.297946e-04
1.432181250074782e-03	-5.122150e-04	2.053214e-03	8.297788e-04
1.437064062574782e-03	-4.772569e-04	1.913263e-03	8.297628e-04
1.441946875074782e-03	-4.416426e-04	1.771507e-03	8.297465e-04
1.446829687574782e-03	-4.058168e-04	1.628085e-03	8.297301e-04
1.451712500074782e-03	-3.694024e-04	1.483126e-03	8.297135e-04
1.456595312574782e-03	-3.328444e-04	1.336773e-03	8.296968e-04
1.461478125074781e-03	-2.957661e-04	1.189157e-03	8.296798e-04
1.466360937574781e-03	-2.586137e-04	1.040424e-03	8.296628e-04
1.471243750074781e-03	-2.210110e-04	8.907057e-04	8.296457e-04
1.476126562574781e-03	-1.834045e-04	7.401520e-04	8.296285e-04
1.481009375074781e-03	-1.454186e-04	5.888958e-04	8.296111e-04
1.485892187574781e-03	-1.074998e-04	4.370882e-04	8.295938e-04
1.490775000074781e-03	-6.927310e-05	2.848632e-04	8.295763e-04
1.495657812574781e-03	-3.118522e-05	1.323730e-04	8.295589e-04
1.500540625074781e-03	7.138752e-06	-2.024786e-05	8.295414e-04
1.505423437574781e-03	4.525196e-05	-1.728468e-04	8.295240e-04
1.510306250074780e-03	8.352932e-05	-3.252890e-04	8.295064e-04
1.515189062574780e-03	1.215240e-04	-4.774222e-04	8.294891e-04
1.520071875074780e-03	1.596113e-04	-6.291121e-04	8.294717e-04
1.524954687574780e-03	1.973441e-04	-7.802071e-04	8.294544e-04
1.529837500074780e-03	2.350979e-04	-9.305737e-04	8.294372e-04
1.534720312574780e-03	2.724265e-04	-1.080062e-03	8.294201e-04
1.539603125074780e-03	3.097054e-04	-1.228539e-03	8.294031e-04
1.544485937574780e-03	3.464888e-04	-1.375858e-03	8.293862e-04
1.549368750074780e-03	3.831529e-04	-1.521887e-03	8.293695e-04
1.554251562574779e-03	4.192523e-04	-1.666481e-03	8.293530e-04
1.559134375074779e-03	4.551639e-04	-1.809513e-03	8.293365e-04
1.564017187574779e-03	4.904428e-04	-1.950839e-03	8.293204e-04
1.568900000074779e-03	5.254673e-04	-2.090335e-03	8.293044e-04
1.573782812574779e-03	5.597929e-04	-2.227860e-03	8.292887e-04
1.578665625074779e-03	5.937986e-04	-2.363295e-03	8.292732e-04
1.583548437574779e-03	6.270412e-04	-2.496503e-03	8.292579e-04
1.588431250074779e-03	6.599005e-04	-2.627367e-03	8.292429e-04
1.593314062574779e-03	6.919347e-04	-2.755755e-03	8.292283e-04
1.598196875074779e-03	7.235245e-04	-2.881556e-03	8.292139e-04
1.603079687574778e-03	7.542290e-04	-3.004642e-03	8.291998e-04
1.607962500074778e-03	7.844307e-04	-3.124906e-03	8.291860e-04
1.612845312574778e-03	8.136898e-04	-3.242227e-03	8.291726e-04
1.617728125074778e-03	8.423901e-04	-3.356501e-03	8.291595e-04
1.622610937574778e-03	8.700932e-04	-3.467614e-03	8.291468e-04
1.627493750074778e-03	8.971844e-04	-3.575469e-03	8.291344e-04
1.632376562574778e-03	9.232271e-04	-3.679957e-03	8.291226e-04
1.637259375074778e-03	9.486076e-04	-3.780986e-03	8.291109e-04
1.642142187574778e-03	9.728912e-04	-3.878455e-03	8.290999e-04
1.647025000074778e-03	9.964660e-04	-3.972279e-03	8.290890e-04
1.651907812574777e-03	1.018899e-03	-4.062362e-03	8.290788e-04
1.656790625074777e-03	1.040579e-03	-4.148627e-03	8.290689e-04
1.661673437574777e-03	1.061077e-03	-4.230985e-03	8.290595e-04
1.666556250074777e-03	1.080782e-03	-4.309367e-03	8.290505e-04
1.671439062574777e-03	1.099266e-03	-4.383691e-03	8.290421e-04
1.676321875074777e-03	1.116922e-03	-4.453894e-03	8.290340e-04
1.681204687574777e-03	1.133323e-03	-4.519903e-03	8.290265e-04
1.686087500074777e-03	1.148864e-03	-4.581664e-03	8.290194e-04
1.690970312574777e-03	1.163119e-03	-4.639110e-03	8.290128e-04
1.695853125074776e-03	1.176487e-03	-4.692195e-03	8.290067e-04
1.700735937574776e-03	1.188543e-03	-4.740862e-03	8.290012e-04
1.705618750074776e-03	1.199688e-03	-4.785073e-03	8.289961e-04
1.710501562574776e-03	1.209499e-03	-4.824777e-03	8.289916e-04
1.715384375074776e-03	1.218379e-03	-4.859947e-03	8.289876e-04
1.720267187574776e-03	1.225908e-03	-4.890539e-03	8.289841e-04
1.725150000074776e-03	1.232489e-03	-4.916535e-03	8.289811e-04
1.730032812574776e-03	1.237707e-03	-4.937901e-03	8.289787e-04
1.734915625074776e-03	1.241967e-03	-4.954625e-03	8.289767e-04
1.739798437574776e-03	1.244853e-03	-4.966683e-03	8.289754e-04
1.744681250074775e-03	1.246775e-03	-4.974073e-03	8.289745e-04
1.749564062574775e-03	1.247319e-03	-4.976779e-03	8.289743e-04
1.754446875074775e-03	1.246896e-03	-4.974806e-03	8.289745e-04
1.759329687574775e-03	1.245096e-03	-4.968149e-03	8.289753e-04
1.764212500074775e-03	1.242330e-03	-4.956821e-03	8.289766e-04
1.769095312574775e-03	1.238191e-03	-4.940826e-03	8.289784e-04
1.773978125074775e-03	1.233094e-03	-4.920187e-03	8.289808e-04
1.778860937574775e-03	1.226631e-03	-4.894914e-03	8.289837e-04
1.783743750074775e-03	1.219221e-03	-4.865040e-03	8.289871e-04
1.788626562574775e-03	1.210460e-03	-4.830584e-03	8.289911e-04
1.793509375074774e-03	1.200766e-03	-4.791589e-03	8.289955e-04
1.798392187574774e-03	1.189737e-03	-4.748080e-03	8.290005e-04
1.803275000074774e-03	1.177796e-03	-4.700109e-03	8.290060e-04
1.808157812574774e-03	1.164542e-03	-4.647711e-03	8.290121e-04
1.813040625074774e-03	1.150399e-03	-4.590945e-03	8.290185e-04
1.817923437574774e-03	1.134969e-03	-4.529856e-03	8.290256e-04
1.822806250074774e-03	1.118678e-03	-4.464509e-03	8.290330e-04
1.827689062574774e-03	1.101129e-03	-4.394957e-03	8.290411e-04
1.832571875074774e-03	1.082752e-03	-4.321275e-03	8.290494e-04
1.837454687574773e-03	1.063150e-03	-4.243523e-03	8.290584e-04
1.842337500074773e-03	1.042756e-03	-4.161784e-03	8.290677e-04
1.847220312574773e-03	1.021175e-03	-4.076124e-03	8.290776e-04
1.852103125074773e-03	9.988403e-04	-3.986634e-03	8.290878e-04
1.856985937574773e-03	9.753614e-04	-3.893390e-03	8.290985e-04
1.861868750074773e-03	9.511712e-04	-3.796487e-03	8.291096e-04
1.866751562574773e-03	9.258818e-04	-3.696007e-03	8.291211e-04
1.871634375074773e-03	8.999277e-04	-3.592056e-03	8.291330e-04
1.876517187574773e-03	8.729227e-04	-3.484721e-03	8.291453e-04
1.881400000074773e-03	8.453028e-04	-3.374112e-03	8.291579e-04
1.886282812574772e-03	8.166830e-04	-3.260324e-03	8.291710e-04
1.891165625074772e-03	7.875016e-04	-3.143475e-03	8.291844e-04
1.896048437574772e-03	7.573749e-04	-3.023663e-03	8.291982e-04
1.900931250074772e-03	7.267422e-04	-2.901012e-03	8.292121e-04
1.905814062574772e-03	6.952213e-04	-2.775628e-03	8.292266e-04
1.910696875074772e-03	6.632530e-04	-2.647638e-03	8.292412e-04
1.915579687574772e-03	6.304563e-04	-2.517152e-03	8.292561e-04
1.920462500074772e-03	5.972731e-04	-2.384304e-03	8.292713e-04
1.925345312574772e-03	5.633236e-04	-2.249209e-03	8.292868e-04
1.930228125074771e-03	5.290507e-04	-2.112003e-03	8.293025e-04
1.935110937574771e-03	4.940758e-04	-1.972806e-03	8.293185e-04
1.939993750074771e-03	4.588426e-04	-1.831759e-03	8.293346e-04
1.944876562574771e-03	4.229737e-04	-1.688985e-03	8.293510e-04
1.949759375074771e-03	3.869132e-04	-1.544627e-03	8.293675e-04
1.954642187574771e-03	3.502847e-04	-1.398812e-03	8.293842e-04
1.959525000074771e-03	3.135332e-04	-1.251687e-03	8.294010e-04
1.964407812574771e-03	2.762826e-04	-1.103382e-03	8.294180e-04
1.969290625074771e-03	2.389787e-04	-9.540432e-04	8.294351e-04
1.974173437574771e-03	2.012459e-04	-8.038041e-04	8.294524e-04
1.979056250074771e-03	1.635304e-04	-6.528145e-04	8.294696e-04
1.983939062574771e-03	1.254569e-04	-5.012076e-04	8.294870e-04
1.988821875074770e-03	8.747219e-05	-3.491350e-04	8.295043e-04
1.993704687574770e-03	4.920100e-05	-1.967310e-04	8.295219e-04
1.998587500074770e-03	1.109030e-05	-4.414776e-05	8.295393e-04
2.003470312574770e-03	-2.723494e-05	1.084798e-04	8.295568e-04
2.008353125074770e-03	-6.532770e-05	2.609994e-04	8.295742e-04
2.013235937574770e-03	-1.035631e-04	4.132761e-04	8.295916e-04
2.018118750074770e-03	-1.414942e-04	5.651579e-04	8.296090e-04
2.023001562574770e-03	-1.794962e-04	7.165106e-04	8.296264e-04
2.027884375074770e-03	-2.171226e-04	8.671830e-04	8.296436e-04
2.032767187574770e-03	-2.547485e-04	1.017042e-03	8.296608e-04
2.037650000074769e-03	-2.919281e-04	1.165938e-03	8.296778e-04
2.042532812574769e-03	-3.290369e-04	1.313739e-03	8.296947e-04
2.047415625074769e-03	-3.656292e-04	1.460298e-03	8.297115e-04
2.052298437574769e-03	-4.020816e-04	1.605486e-03	8.297281e-04
2.057181250074769e-03	-4.379486e-04	1.749156e-03	8.297446e-04
2.062064062574769e-03	-4.736076e-04	1.891183e-03	8.297609e-04
2.066946875074769e-03	-5.086141e-04	2.031424e-03	8.297769e-04
2.071829687574769e-03	-5.433460e-04	2.169756e-03	8.297928e-04
2.076712500074769e-03	-5.773598e-04	2.306040e-03	8.298083e-04
2.081595312574768e-03	-6.110342e-04	2.440156e-03	8.298237e-04
2.086478125074768e-03	-6.439268e-04	2.571970e-03	8.298387e-04
2.091360937574768e-03	-6.764173e-04	2.701366e-03	8.298536e-04
2.096243750074768e-03	-7.080645e-04	2.828214e-03	8.298680e-04
2.101126562574768e-03	-7.392494e-04	2.952403e-03	8.298823e-04
2.106009375074768e-03	-7.695318e-04	3.073807e-03	8.298961e-04
2.110892187574768e-03	-7.992939e-04	3.192320e-03	8.299098e-04
2.115775000074768e-03	-8.280972e-04	3.307824e-03	8.299229e-04
2.120657812574768e-03	-8.563250e-04	3.420217e-03	8.299358e-04
2.125540625074768e-03	-8.835401e-04	3.529385e-03	8.299483e-04
2.130423437574767e-03	-9.101278e-04	3.635234e-03	8.299605e-04
2.135306250074767e-03	-9.356521e-04	3.737656e-03	8.299721e-04
2.140189062574767e-03	-9.605000e-04	3.836563e-03	8.299835e-04
2.145071875074767e-03	-9.842371e-04	3.931853e-03	8.299943e-04
2.149954687574767e-03	-1.007252e-03	4.023445e-03	8.300049e-04
2.154837500074767e-03	-1.029112e-03	4.111245e-03	8.300149e-04
2.159720312574767e-03	-1.050208e-03	4.195178e-03	8.300245e-04
2.164603125074767e-03	-1.070108e-03	4.275157e-03	8.300336e-04
2.169485937574767e-03	-1.089205e-03	4.351115e-03	8.300424e-04
2.174368750074766e-03	-1.107071e-03	4.422972e-03	8.300505e-04
2.179251562574766e-03	-1.124099e-03	4.490669e-03	8.300583e-04
2.184134375074766e-03	-1.139862e-03	4.554133e-03	8.300655e-04
2.189017187574766e-03	-1.154756e-03	4.613315e-03	8.300723e-04
2.193900000074766e-03	-1.168357e-03	4.668148e-03	8.300786e-04
2.198782812574766e-03	-1.181062e-03	4.718591e-03	8.300844e-04
2.203665625074766e-03	-1.192449e-03	4.764587e-03	8.300896e-04
2.208548437574766e-03	-1.202917e-03	4.806101e-03	8.300943e-04
2.213431250074766e-03	-1.212047e-03	4.843086e-03	8.300985e-04
2.218314062574766e-03	-1.220240e-03	4.875516e-03	8.301023e-04
2.223196875074765e-03	-1.227078e-03	4.903350e-03	8.301054e-04
2.228079687574765e-03	-1.232966e-03	4.926574e-03	8.301081e-04
2.232962500074765e-03	-1.237486e-03	4.945154e-03	8.301102e-04
2.237845312574765e-03	-1.241045e-03	4.959083e-03	8.301118e-04
2.242728125074765e-03	-1.243230e-03	4.968339e-03	8.301128e-04
2.247610937574765e-03	-1.244448e-03	4.972921e-03	8.301134e-04
2.252493750074765e-03	-1.244289e-03	4.972817e-03	8.301133e-04
2.257376562574765e-03	-1.243163e-03	4.968036e-03	8.301128e-04
2.262259375074765e-03	-1.240660e-03	4.958573e-03	8.301117e-04
2.267142187574765e-03	-1.237193e-03	4.944446e-03	8.301100e-04
2.272025000074764e-03	-1.232356e-03	4.925660e-03	8.301079e-04
2.276907812574764e-03	-1.226562e-03	4.902240e-03	8.301052e-04
2.281790625074764e-03	-1.219408e-03	4.874201e-03	8.301020e-04
2.286673437574764e-03	-1.211309e-03	4.841577e-03	8.300983e-04
2.291556250074764e-03	-1.201864e-03	4.804391e-03	8.300939e-04
2.296439062574764e-03	-1.191492e-03	4.762685e-03	8.300892e-04
2.301321875074764e-03	-1.179792e-03	4.716491e-03	8.300839e-04
2.306204687574764e-03	-1.167186e-03	4.665861e-03	8.300781e-04
2.311087500074764e-03	-1.153274e-03	4.610834e-03	8.300717e-04
2.315970312574763e-03	-1.138481e-03	4.551470e-03	8.300650e-04
2.320853125074763e-03	-1.122410e-03	4.487816e-03	8.300577e-04
2.325735937574763e-03	-1.105486e-03	4.419941e-03	8.300499e-04
2.330618750074763e-03	-1.087316e-03	4.347901e-03	8.300416e-04
2.335501562574763e-03	-1.068326e-03	4.271771e-03	8.300329e-04
2.340384375074763e-03	-1.048124e-03	4.191615e-03	8.300237e-04
2.345267187574763e-03	-1.027139e-03	4.107517e-03	8.300141e-04
2.350150000074763e-03	-1.004981e-03	4.019546e-03	8.300040e-04
2.355032812574763e-03	-9.820813e-04	3.927796e-03	8.299935e-04
2.359915625074763e-03	-9.580504e-04	3.832343e-03	8.299826e-04
2.364798437574762e-03	-9.333220e-04	3.733286e-03	8.299712e-04
2.369681250074762e-03	-9.075085e-04	3.630709e-03	8.299595e-04
2.374564062574762e-03	-8.810449e-04	3.524718e-03	8.299474e-04
2.379446875074762e-03	-8.535453e-04	3.415403e-03	8.299348e-04
2.384329687574762e-03	-8.254465e-04	3.302878e-03	8.299219e-04
2.389212500074762e-03	-7.963641e-04	3.187237e-03	8.299086e-04
2.394095312574762e-03	-7.667362e-04	3.068600e-03	8.298951e-04
2.398978125074762e-03	-7.361799e-04	2.947068e-03	8.298812e-04
2.403860937574762e-03	-7.051348e-04	2.822766e-03	8.298670e-04
2.408743750074761e-03	-6.732194e-04	2.695801e-03	8.298524e-04
2.413626562574761e-03	-6.408744e-04	2.566302e-03	8.298376e-04
2.418509375074761e-03	-6.077196e-04	2.434381e-03	8.298224e-04
2.423392187574761e-03	-5.741967e-04	2.300172e-03	8.298071e-04
2.428275000074761e-03	-5.399268e-04	2.163793e-03	8.297914e-04
2.433157812574761e-03	-5.053526e-04	2.025379e-03	8.297756e-04
2.438040625074761e-03	-4.700962e-04	1.885054e-03	8.297595e-04
2.442923437574761e-03	-4.346014e-04	1.742957e-03	8.297433e-04
2.447806250074761e-03	-3.984908e-04	1.599214e-03	8.297268e-04
2.452689062574761e-03	-3.622092e-04	1.453968e-03	8.297102e-04
2.457571875074760e-03	-3.253800e-04	1.307348e-03	8.296934e-04
2.462454687574760e-03	-2.884486e-04	1.159501e-03	8.296765e-04
2.467337500074760e-03	-2.510390e-04	1.010556e-03	8.296594e-04
2.472220312574760e-03	-2.135970e-04	8.606629e-04	8.296423e-04
2.477103125074760e-03	-1.757473e-04	7.099539e-04	8.296250e-04
2.481985937574760e-03	-1.379364e-04	5.585795e-04	8.296077e-04
2.486868750074760e-03	-9.978873e-05	4.066734e-04	8.295903e-04
2.491751562574760e-03	-6.175121e-05	2.543874e-04	8.295728e-04
2.496634375074760e-03	-2.344899e-05	1.018561e-04	8.295553e-04
2.501517187574760e-03	1.467129e-05	-5.076833e-05	8.295379e-04
2.506400000074759e-03	5.298467e-05	-2.033510e-04	8.295204e-04
2.511282812574759e-03	9.104398e-05	-3.557393e-04	8.295030e-04
2.516165625074759e-03	1.292244e-04	-5.077989e-04	8.294855e-04
2.521048437574759e-03	1.670791e-04	-6.593776e-04	8.294682e-04
2.525931250074759e-03	2.049835e-04	-8.103418e-04	8.294509e-04
2.530814062574759e-03	2.424908e-04	-9.605405e-04	8.294338e-04
2.535696875074759e-03	2.799765e-04	-1.109841e-03	8.294166e-04
2.540579687574759e-03	3.169947e-04	-1.258094e-03	8.293997e-04
2.545462500074759e-03	3.539214e-04	-1.405169e-03	8.293829e-04
2.550345312574758e-03	3.903111e-04	-1.550919e-03	8.293662e-04
2.555228125074758e-03	4.265398e-04	-1.695215e-03	8.293496e-04
2.560110937574758e-03	4.621633e-04	-1.837913e-03	8.293333e-04
2.564993750074758e-03	4.975584e-04	-1.978887e-03	8.293171e-04
2.569876562574758e-03	5.322814e-04	-2.117996e-03	8.293013e-04
2.574759375074758e-03	5.667099e-04	-2.255117e-03	8.292855e-04
2.579642187574758e-03	6.004012e-04	-2.390113e-03	8.292702e-04
2.584525000074758e-03	6.337340e-04	-2.522866e-03	8.292549e-04
2.589407812574758e-03	6.662664e-04	-2.653241e-03	8.292400e-04
2.594290625074758e-03	6.983784e-04	-2.781125e-03	8.292253e-04
2.599173437574757e-03	7.296291e-04	-2.906389e-03	8.292111e-04
2.604056250074757e-03	7.603997e-04	-3.028923e-03	8.291970e-04
2.608939062574757e-03	7.902508e-04	-3.148604e-03	8.291833e-04
2.613821875074757e-03	8.195647e-04	-3.265327e-03	8.291699e-04
2.618704687574757e-03	8.479033e-04	-3.378975e-03	8.291570e-04
2.623587500074757e-03	8.756505e-04	-3.489448e-03	8.291443e-04
2.628470312574757e-03	9.023697e-04	-3.596634e-03	8.291321e-04
2.633353125074757e-03	9.284461e-04	-3.700441e-03	8.291202e-04
2.638235937574757e-03	9.534448e-04	-3.800762e-03	8.291087e-04
2.643118750074757e-03	9.777528e-04	-3.897513e-03	8.290976e-04
2.648001562574756e-03	1.000937e-03	-3.990592e-03	8.290870e-04
2.652884375074756e-03	1.023385e-03	-4.079922e-03	8.290767e-04
2.657767187574756e-03	1.044666e-03	-4.165408e-03	8.290670e-04
2.662650000074756e-03	1.065171e-03	-4.246981e-03	8.290577e-04
2.667532812574756e-03	1.084469e-03	-4.324553e-03	8.290488e-04
2.672415625074756e-03	1.102953e-03	-4.398061e-03	8.290404e-04
2.677298437574756e-03	1.120195e-03	-4.467428e-03	8.290324e-04
2.682181250074756e-03	1.136589e-03	-4.532595e-03	8.290249e-04
2.687064062574756e-03	1.151710e-03	-4.593494e-03	8.290181e-04
2.691946875074755e-03	1.165954e-03	-4.650076e-03	8.290116e-04
2.696829687574755e-03	1.178896e-03	-4.702278e-03	8.290056e-04
2.701712500074755e-03	1.190935e-03	-4.750060e-03	8.290001e-04
2.706595312574755e-03	1.201649e-03	-4.793370e-03	8.289952e-04
2.711478125074755e-03	1.211439e-03	-4.832174e-03	8.289907e-04
2.716360937574755e-03	1.219885e-03	-4.866426e-03	8.289869e-04
2.721243750074755e-03	1.227389e-03	-4.896106e-03	8.289834e-04
2.726126562574755e-03	1.233534e-03	-4.921174e-03	8.289806e-04
2.731009375074755e-03	1.238725e-03	-4.941616e-03	8.289782e-04
2.735892187574755e-03	1.242546e-03	-4.957404e-03	8.289765e-04
2.740775000074754e-03	1.245404e-03	-4.968534e-03	8.289752e-04
2.745657812574754e-03	1.246886e-03	-4.974984e-03	8.289745e-04
2.750540625074754e-03	1.247401e-03	-4.976757e-03	8.289742e-04
2.755423437574754e-03	1.246538e-03	-4.973844e-03	8.289746e-04
2.760306250074754e-03	1.244709e-03	-4.966255e-03	8.289755e-04
2.765189062574754e-03	1.241504e-03	-4.953990e-03	8.289769e-04
2.770071875074754e-03	1.237337e-03	-4.937068e-03	8.289788e-04
2.774954687574754e-03	1.231802e-03	-4.915497e-03	8.289813e-04
2.779837500074754e-03	1.225314e-03	-4.889305e-03	8.289843e-04
2.784720312574753e-03	1.217469e-03	-4.858509e-03	8.289879e-04
2.789603125074753e-03	1.208684e-03	-4.823146e-03	8.289919e-04
2.794485937574753e-03	1.198558e-03	-4.783241e-03	8.289965e-04
2.799368750074753e-03	1.187511e-03	-4.738840e-03	8.290016e-04
2.804251562574753e-03	1.175142e-03	-4.689977e-03	8.290072e-04
2.809134375074753e-03	1.161874e-03	-4.636704e-03	8.290133e-04
2.814017187574753e-03	1.147308e-03	-4.579066e-03	8.290199e-04
2.818900000074753e-03	1.131869e-03	-4.517124e-03	8.290270e-04
2.823782812574753e-03	1.115160e-03	-4.450927e-03	8.290346e-04
2.828665625074753e-03	1.097609e-03	-4.380548e-03	8.290426e-04
2.833548437574752e-03	1.078821e-03	-4.306043e-03	8.290512e-04
2.838431250074752e-03	1.059224e-03	-4.227491e-03	8.290602e-04
2.843314062574752e-03	1.038426e-03	-4.144957e-03	8.290697e-04
2.848196875074752e-03	1.016857e-03	-4.058529e-03	8.290795e-04
2.853079687574752e-03	9.941274e-04	-3.968277e-03	8.290900e-04
2.857962500074752e-03	9.706688e-04	-3.874297e-03	8.291007e-04
2.862845312574752e-03	9.460927e-04	-3.776668e-03	8.291119e-04
2.867728125074752e-03	9.208326e-04	-3.675490e-03	8.291234e-04
2.872610937574752e-03	8.945021e-04	-3.570851e-03	8.291355e-04
2.877493750074752e-03	8.675362e-04	-3.462856e-03	8.291478e-04
2.882376562574751e-03	8.395499e-04	-3.351599e-03	8.291606e-04
2.887259375074751e-03	8.109800e-04	-3.237195e-03	8.291737e-04
2.892142187574751e-03	7.814431e-04	-3.119740e-03	8.291872e-04
2.897025000074751e-03	7.513771e-04	-2.999355e-03	8.292009e-04
2.901907812574751e-03	7.204001e-04	-2.876145e-03	8.292150e-04
2.906790625074751e-03	6.889518e-04	-2.750233e-03	8.292294e-04
2.911673437574751e-03	6.566509e-04	-2.621731e-03	8.292441e-04
2.916556250074751e-03	6.239387e-04	-2.490766e-03	8.292591e-04
2.921439062574751e-03	5.904355e-04	-2.357455e-03	8.292744e-04
2.926321875074750e-03	5.565831e-04	-2.221931e-03	8.292899e-04
2.931204687574750e-03	5.220029e-04	-2.084313e-03	8.293057e-04
2.936087500074750e-03	4.871380e-04	-1.944739e-03	8.293217e-04
2.940970312574750e-03	4.516107e-04	-1.803332e-03	8.293379e-04
2.945853125074750e-03	4.158650e-04	-1.660234e-03	8.293542e-04
2.950735937574750e-03	3.795240e-04	-1.515570e-03	8.293709e-04
2.955618750074750e-03	3.430324e-04	-1.369486e-03	8.293875e-04
2.960501562574750e-03	3.060139e-04	-1.222111e-03	8.294045e-04
2.965384375074750e-03	2.689141e-04	-1.073591e-03	8.294214e-04
2.970267187574750e-03	2.313574e-04	-9.240573e-04	8.294386e-04
2.975150000074749e-03	1.937894e-04	-7.736603e-04	8.294557e-04
2.980032812574749e-03	1.558352e-04	-6.225323e-04	8.294731e-04
2.984915625074749e-03	1.179410e-04	-4.708244e-04	8.294904e-04
2.989798437574749e-03	7.973165e-05	-3.186705e-04	8.295079e-04
2.994681250074749e-03	4.165411e-05	-1.662227e-04	8.295253e-04
2.999564062574749e-03	3.333281e-06	-1.361554e-05	8.295428e-04
3.004446875074749e-03	-3.478395e-05	1.389984e-04	8.295602e-04
3.009329687574749e-03	-7.307241e-05	2.914844e-04	8.295777e-04
3.014212500074749e-03	-1.110855e-04	4.436900e-04	8.295951e-04
3.019095312574748e-03	-1.491981e-04	5.954810e-04	8.296125e-04
3.023978125074748e-03	-1.869635e-04	7.467055e-04	8.296298e-04
3.028860937574748e-03	-2.247569e-04	8.972300e-04	8.296471e-04
3.033743750074748e-03	-2.621320e-04	1.046904e-03	8.296642e-04
3.038626562574748e-03	-2.994646e-04	1.195596e-03	8.296812e-04
3.043509375074748e-03	-3.363086e-04	1.343156e-03	8.296981e-04
3.048392187574748e-03	-3.730399e-04	1.489455e-03	8.297149e-04
3.053275000074748e-03	-4.092137e-04	1.634347e-03	8.297314e-04
3.058157812574748e-03	-4.452062e-04	1.777703e-03	8.297479e-04
3.063040625074748e-03	-4.805730e-04	1.919380e-03	8.297641e-04
3.067923437574747e-03	-5.156915e-04	2.059253e-03	8.297801e-04
3.072806250074747e-03	-5.501180e-04	2.197182e-03	8.297958e-04
3.077689062574747e-03	-5.842308e-04	2.333046e-03	8.298114e-04
3.082571875074747e-03	-6.175869e-04	2.466709e-03	8.298267e-04
3.087454687574747e-03	-6.505660e-04	2.598052e-03	8.298418e-04
3.092337500074747e-03	-6.827260e-04	2.726945e-03	8.298564e-04
3.097220312574747e-03	-7.144473e-04	2.853274e-03	8.298710e-04
3.102103125074747e-03	-7.452897e-04	2.976911e-03	8.298851e-04
3.106985937574747e-03	-7.756346e-04	3.097750e-03	8.298989e-04
3.111868750074747e-03	-8.050429e-04	3.215667e-03	8.299124e-04
3.116751562574746e-03	-8.338975e-04	3.330560e-03	8.299256e-04
3.121634375074746e-03	-8.617606e-04	3.442313e-03	8.299383e-04
3.126517187574746e-03	-8.890166e-04	3.550829e-03	8.299508e-04
3.131400000074746e-03	-9.152292e-04	3.655997e-03	8.299628e-04
3.136282812574746e-03	-9.407845e-04	3.757727e-03	8.299745e-04
3.141165625074746e-03	-9.652478e-04	3.855914e-03	8.299857e-04
3.146048437574746e-03	-9.890065e-04	3.950475e-03	8.299965e-04
3.150931250074746e-03	-1.011628e-03	4.041313e-03	8.300068e-04
3.155814062574746e-03	-1.033501e-03	4.128349e-03	8.300169e-04
3.160696875074745e-03	-1.054195e-03	4.211494e-03	8.300263e-04
3.165579687574745e-03	-1.074100e-03	4.290678e-03	8.300354e-04
3.170462500074745e-03	-1.092789e-03	4.365818e-03	8.300440e-04
3.175345312574745e-03	-1.110652e-03	4.436852e-03	8.300521e-04
3.180228125074745e-03	-1.127264e-03	4.503704e-03	8.300598e-04
3.185110937574745e-03	-1.143018e-03	4.566320e-03	8.300670e-04
3.189993750074745e-03	-1.157491e-03	4.624632e-03	8.300735e-04
3.194876562574745e-03	-1.171078e-03	4.678595e-03	8.300798e-04
3.199759375074745e-03	-1.183356e-03	4.728149e-03	8.300854e-04
3.204642187574745e-03	-1.194724e-03	4.773255e-03	8.300906e-04
3.209525000074744e-03	-1.204762e-03	4.813863e-03	8.300952e-04
3.214407812574744e-03	-1.213869e-03	4.849943e-03	8.300993e-04
3.219290625074744e-03	-1.221627e-03	4.881452e-03	8.301029e-04
3.224173437574744e-03	-1.228440e-03	4.908371e-03	8.301060e-04
3.229056250074744e-03	-1.233890e-03	4.930663e-03	8.301085e-04
3.233939062574744e-03	-1.238382e-03	4.948318e-03	8.301106e-04
3.238821875074744e-03	-1.241503e-03	4.961310e-03	8.301120e-04
3.243704687574744e-03	-1.243659e-03	4.969635e-03	8.301130e-04
3.248587500074744e-03	-1.244438e-03	4.973277e-03	8.301134e-04
3.253470312574743e-03	-1.244249e-03	4.972241e-03	8.301133e-04
3.258353125074743e-03	-1.242683e-03	4.966519e-03	8.301125e-04
3.263235937574743e-03	-1.240152e-03	4.956126e-03	8.301114e-04
3.268118750074743e-03	-1.236246e-03	4.941063e-03	8.301096e-04
3.273001562574743e-03	-1.231381e-03	4.921352e-03	8.301074e-04
3.277884375074743e-03	-1.225151e-03	4.897003e-03	8.301046e-04
3.282767187574743e-03	-1.217971e-03	4.868048e-03	8.301013e-04
3.287650000074743e-03	-1.209439e-03	4.834505e-03	8.300974e-04
3.292532812574743e-03	-1.199972e-03	4.796416e-03	8.300931e-04
3.297415625074743e-03	-1.189169e-03	4.753806e-03	8.300882e-04
3.302298437574742e-03	-1.177451e-03	4.706725e-03	8.300828e-04
3.307181250074742e-03	-1.164418e-03	4.655208e-03	8.300769e-04
3.312064062574742e-03	-1.150494e-03	4.599312e-03	8.300705e-04
3.316946875074742e-03	-1.135280e-03	4.539082e-03	8.300635e-04
3.321829687574742e-03	-1.119201e-03	4.474583e-03	8.300562e-04
3.326712500074742e-03	-1.101862e-03	4.405866e-03	8.300483e-04
3.331595312574742e-03	-1.083691e-03	4.333006e-03	8.300400e-04
3.336478125074742e-03	-1.064293e-03	4.256061e-03	8.300311e-04
3.341360937574742e-03	-1.044097e-03	4.175114e-03	8.300219e-04
3.346243750074742e-03	-1.022712e-03	4.090231e-03	8.300121e-04
3.351126562574741e-03	-1.000568e-03	4.001501e-03	8.300020e-04
3.356009375074741e-03	-9.772757e-04	3.909000e-03	8.299913e-04
3.360892187574741e-03	-9.532678e-04	3.812822e-03	8.299804e-04
3.365775000074741e-03	-9.281561e-04	3.713050e-03	8.299689e-04
3.370657812574741e-03	-9.023749e-04	3.609786e-03	8.299571e-04
3.375540625074741e-03	-8.755379e-04	3.503119e-03	8.299449e-04
3.380423437574741e-03	-8.480806e-04	3.393158e-03	8.299323e-04
3.385306250074741e-03	-8.196186e-04	3.279997e-03	8.299193e-04
3.390189062574741e-03	-7.905892e-04	3.163751e-03	8.299060e-04
3.395071875074740e-03	-7.606091e-04	3.044523e-03	8.298923e-04
3.399954687574740e-03	-7.301170e-04	2.922431e-03	8.298784e-04
3.404837500074740e-03	-6.987313e-04	2.797584e-03	8.298640e-04
3.409720312574740e-03	-6.668917e-04	2.670106e-03	8.298495e-04
3.414603125074740e-03	-6.342180e-04	2.540109e-03	8.298345e-04
3.419485937574740e-03	-6.011513e-04	2.407724e-03	8.298194e-04
3.424368750074740e-03	-5.673122e-04	2.273067e-03	8.298039e-04
3.429251562574740e-03	-5.331432e-04	2.136274e-03	8.297883e-04
3.434134375074740e-03	-4.982657e-04	1.997464e-03	8.297724e-04
3.439017187574740e-03	-4.631232e-04	1.856777e-03	8.297563e-04
3.443900000074739e-03	-4.273382e-04	1.714337e-03	8.297400e-04
3.448782812574739e-03	-3.913550e-04	1.570286e-03	8.297235e-04
3.453665625074739e-03	-3.547968e-04	1.424751e-03	8.297068e-04
3.458548437574739e-03	-3.181087e-04	1.277878e-03	8.296901e-04
3.463431250074739e-03	-2.809146e-04	1.129796e-03	8.296730e-04
3.468314062574739e-03	-2.436599e-04	9.806544e-04	8.296560e-04
3.473196875074739e-03	-2.059694e-04	8.305833e-04	8.296388e-04
3.478079687574739e-03	-1.682888e-04	6.797333e-04	8.296216e-04
3.482962500074739e-03	-1.302434e-04	5.282377e-04	8.296042e-04
3.487845312574738e-03	-9.227919e-05	3.762477e-04	8.295868e-04
3.492728125074738e-03	-5.402167e-05	2.238976e-04	8.295694e-04
3.497610937574738e-03	-1.591714e-05	7.133967e-05	8.295519e-04
3.502493750074738e-03	2.240897e-05	-8.129139e-05	8.295344e-04
3.507376562574738e-03	6.051003e-05	-2.338431e-04	8.295170e-04
3.512259375074738e-03	9.876076e-05	-3.861807e-04	8.294995e-04
3.517142187574738e-03	1.367146e-04	-5.381520e-04	8.294822e-04
3.522025000074738e-03	1.747464e-04	-6.896228e-04	8.294648e-04
3.526907812574738e-03	2.124099e-04	-8.404417e-04	8.294475e-04
3.531790625074738e-03	2.500800e-04	-9.904755e-04	8.294303e-04
3.536673437574737e-03	2.873109e-04	-1.139574e-03	8.294133e-04
3.541556250074737e-03	3.244778e-04	-1.287607e-03	8.293963e-04
3.546439062574737e-03	3.611355e-04	-1.434424e-03	8.293795e-04
3.551321875074737e-03	3.976600e-04	-1.579898e-03	8.293628e-04
3.556204687574737e-03	4.336062e-04	-1.723881e-03	8.293464e-04
3.561087500074737e-03	4.693509e-04	-1.866249e-03	8.293301e-04
3.565970312574737e-03	5.044499e-04	-2.006857e-03	8.293140e-04
3.570853125074737e-03	5.392808e-04	-2.145582e-03	8.292981e-04
3.575735937574737e-03	5.734002e-04	-2.282285e-03	8.292825e-04
3.580618750074737e-03	6.071866e-04	-2.416846e-03	8.292670e-04
3.585501562574736e-03	6.401977e-04	-2.549129e-03	8.292519e-04
3.590384375074736e-03	6.728125e-04	-2.679019e-03	8.292370e-04
3.595267187574736e-03	7.045904e-04	-2.806386e-03	8.292225e-04
3.600150000074736e-03	7.359118e-04	-2.931116e-03	8.292082e-04
3.605032812574736e-03	7.663365e-04	-3.053085e-03	8.291943e-04
3.609915625074736e-03	7.962466e-04	-3.172187e-03	8.291806e-04
3.614798437574736e-03	8.252035e-04	-3.288300e-03	8.291674e-04
3.619681250074736e-03	8.535901e-04	-3.401325e-03	8.291544e-04
3.624564062574736e-03	8.809696e-04	-3.511145e-03	8.291419e-04
3.629446875074735e-03	9.077264e-04	-3.617667e-03	8.291296e-04
3.634329687574735e-03	9.334250e-04	-3.720782e-03	8.291179e-04
3.639212500074735e-03	9.584517e-04	-3.820400e-03	8.291064e-04
3.644095312574735e-03	9.823723e-04	-3.916420e-03	8.290955e-04
3.648978125074735e-03	1.005575e-03	-4.008759e-03	8.290849e-04
3.653860937574735e-03	1.027627e-03	-4.097323e-03	8.290748e-04
3.658743750074735e-03	1.048919e-03	-4.182037e-03	8.290650e-04
3.663626562574735e-03	1.069020e-03	-4.262812e-03	8.290558e-04
3.668509375074735e-03	1.088321e-03	-4.339581e-03	8.290471e-04
3.673392187574735e-03	1.106393e-03	-4.412263e-03	8.290388e-04
3.678275000074734e-03	1.123631e-03	-4.480798e-03	8.290309e-04
3.683157812574734e-03	1.139608e-03	-4.545113e-03	8.290236e-04
3.688040625074734e-03	1.154719e-03	-4.605156e-03	8.290167e-04
3.692923437574734e-03	1.168539e-03	-4.660862e-03	8.290103e-04
3.697806250074734e-03	1.181465e-03	-4.712188e-03	8.290044e-04
3.702689062574734e-03	1.193076e-03	-4.759076e-03	8.289991e-04
3.707571875074734e-03	1.203771e-03	-4.801491e-03	8.289942e-04
3.712454687574734e-03	1.213128e-03	-4.839384e-03	8.289900e-04
3.717337500074734e-03	1.221550e-03	-4.872728e-03	8.289861e-04
3.722220312574734e-03	1.228619e-03	-4.901483e-03	8.289829e-04
3.727103125074733e-03	1.234738e-03	-4.925631e-03	8.289801e-04
3.731985937574733e-03	1.239491e-03	-4.945141e-03	8.289778e-04
3.736868750074733e-03	1.243284e-03	-4.960002e-03	8.289762e-04
3.741751562574733e-03	1.245703e-03	-4.970192e-03	8.289750e-04
3.746634375074733e-03	1.247156e-03	-4.975711e-03	8.289744e-04
3.751517187574733e-03	1.247231e-03	-4.976544e-03	8.289743e-04
3.756400000074733e-03	1.246339e-03	-4.972699e-03	8.289747e-04
3.761282812574733e-03	1.244070e-03	-4.964171e-03	8.289758e-04
3.766165625074733e-03	1.240837e-03	-4.950976e-03	8.289772e-04
3.771048437574732e-03	1.236232e-03	-4.933119e-03	8.289793e-04
3.775931250074732e-03	1.230670e-03	-4.910626e-03	8.289819e-04
3.780814062574732e-03	1.223746e-03	-4.883508e-03	8.289850e-04
3.785696875074732e-03	1.215876e-03	-4.851799e-03	8.289886e-04
3.790579687574732e-03	1.206658e-03	-4.815522e-03	8.289928e-04
3.795462500074732e-03	1.196512e-03	-4.774718e-03	8.289975e-04
3.800345312574732e-03	1.185035e-03	-4.729418e-03	8.290027e-04
3.805228125074732e-03	1.172649e-03	-4.679672e-03	8.290083e-04
3.810110937574732e-03	1.158956e-03	-4.625519e-03	8.290146e-04
3.814993750074732e-03	1.144378e-03	-4.567019e-03	8.290213e-04
3.819876562574731e-03	1.128520e-03	-4.504217e-03	8.290285e-04
3.824759375074731e-03	1.111806e-03	-4.437183e-03	8.290362e-04
3.829642187574731e-03	1.093842e-03	-4.365969e-03	8.290444e-04
3.834525000074731e-03	1.075054e-03	-4.290652e-03	8.290529e-04
3.839407812574731e-03	1.055052e-03	-4.211294e-03	8.290621e-04
3.844290625074731e-03	1.034262e-03	-4.127979e-03	8.290716e-04
3.849173437574731e-03	1.012295e-03	-4.040776e-03	8.290816e-04
3.854056250074731e-03	9.895825e-04	-3.949775e-03	8.290920e-04
3.858939062574731e-03	9.657344e-04	-3.855055e-03	8.291029e-04
3.863821875074730e-03	9.411838e-04	-3.756712e-03	8.291141e-04
3.868704687574730e-03	9.155436e-04	-3.654831e-03	8.291259e-04
3.873587500074730e-03	8.892482e-04	-3.549516e-03	8.291379e-04
3.878470312574730e-03	8.619119e-04	-3.440857e-03	8.291504e-04
3.883353125074730e-03	8.339710e-04	-3.328966e-03	8.291631e-04
3.888235937574730e-03	8.050413e-04	-3.213939e-03	8.291763e-04
3.893118750074730e-03	7.755606e-04	-3.095892e-03	8.291898e-04
3.898001562574730e-03	7.451458e-04	-2.974930e-03	8.292037e-04
3.902884375074730e-03	7.142364e-04	-2.851174e-03	8.292178e-04
3.907767187574730e-03	6.824510e-04	-2.724731e-03	8.292324e-04
3.912650000074729e-03	6.502297e-04	-2.595729e-03	8.292471e-04
3.917532812574729e-03	6.171925e-04	-2.464282e-03	8.292622e-04
3.922415625074729e-03	5.837811e-04	-2.330522e-03	8.292775e-04
3.927298437574729e-03	5.496163e-04	-2.194565e-03	8.292931e-04
3.932181250074729e-03	5.151408e-04	-2.056549e-03	8.293089e-04
3.937064062574729e-03	4.799766e-04	-1.916595e-03	8.293249e-04
3.941946875074729e-03	4.445671e-04	-1.774842e-03	8.293411e-04
3.946829687574729e-03	4.085354e-04	-1.631416e-03	8.293576e-04
3.951712500074729e-03	3.723258e-04	-1.486461e-03	8.293741e-04
3.956595312574729e-03	3.355618e-04	-1.340104e-03	8.293909e-04
3.961478125074728e-03	2.986886e-04	-1.192492e-03	8.294078e-04
3.966360937574728e-03	2.613304e-04	-1.043755e-03	8.294249e-04
3.971243750074728e-03	2.239327e-04	-8.940410e-04	8.294419e-04
3.976126562574728e-03	1.861205e-04	-7.434830e-04	8.294592e-04
3.981009375074728e-03	1.483396e-04	-5.922311e-04	8.294765e-04
3.985892187574728e-03	1.102153e-04	-4.404190e-04	8.294940e-04
3.990775000074728e-03	7.219372e-05	-2.881984e-04	8.295113e-04
3.995657812574728e-03	3.390027e-05	-1.357037e-04	8.295288e-04
4.000540625074728e-03	-4.218412e-06	1.691270e-05	8.295462e-04
4.005423437574727e-03	-4.253708e-05	1.695161e-04	8.295638e-04
4.010306250074727e-03	-8.060910e-05	3.219539e-04	8.295812e-04
4.015189062574727e-03	-1.188091e-04	4.740916e-04	8.295986e-04
4.020071875074727e-03	-1.566908e-04	6.257771e-04	8.296160e-04
4.024954687574727e-03	-1.946289e-04	7.768765e-04	8.296333e-04
4.029837500074727e-03	-2.321773e-04	9.272388e-04	8.296505e-04
4.034720312574727e-03	-2.697110e-04	1.076731e-03	8.296676e-04
4.039603125074727e-03	-3.067844e-04	1.225204e-03	8.296846e-04
4.044485937574727e-03	-3.437728e-04	1.372527e-03	8.297015e-04
4.049368750074727e-03	-3.802312e-04	1.518552e-03	8.297181e-04
4.054251562574726e-03	-4.165355e-04	1.663151e-03	8.297348e-04
4.059134375074726e-03	-4.522415e-04	1.806178e-03	8.297511e-04
4.064017187574726e-03	-4.877255e-04	1.947509e-03	8.297673e-04
4.068900000074726e-03	-5.225440e-04	2.087000e-03	8.297832e-04
4.073782812574726e-03	-5.570746e-04	2.224530e-03	8.297990e-04
4.078665625074726e-03	-5.908743e-04	2.359960e-03	8.298145e-04
4.083548437574726e-03	-6.243218e-04	2.493173e-03	8.298298e-04
4.088431250074726e-03	-6.569753e-04	2.624032e-03	8.298447e-04
4.093314062574726e-03	-6.892142e-04	2.752425e-03	8.298594e-04
4.098196875074725e-03	-7.205979e-04	2.878222e-03	8.298738e-04
4.103079687574725e-03	-7.515073e-04	3.001312e-03	8.298879e-04
4.107962500074725e-03	-7.815029e-04	3.121572e-03	8.299016e-04
4.112845312574725e-03	-8.109668e-04	3.238897e-03	8.299151e-04
4.117728125074725e-03	-8.394610e-04	3.353167e-03	8.299281e-04
4.122610937574725e-03	-8.673691e-04	3.464284e-03	8.299409e-04
4.127493750074725e-03	-8.942541e-04	3.572135e-03	8.299532e-04
4.132376562574725e-03	-9.205015e-04	3.676627e-03	8.299652e-04
4.137259375074725e-03	-9.456761e-04	3.777652e-03	8.299767e-04
4.142142187574725e-03	-9.701644e-04	3.875125e-03	8.299879e-04
4.147025000074724e-03	-9.935332e-04	3.968945e-03	8.299986e-04
4.151907812574724e-03	-1.016171e-03	4.059032e-03	8.300089e-04
4.156790625074724e-03	-1.037645e-03	4.145293e-03	8.300188e-04
4.161673437574724e-03	-1.058347e-03	4.227656e-03	8.300282e-04
4.166556250074724e-03	-1.077847e-03	4.306033e-03	8.300371e-04
4.171439062574724e-03	-1.096535e-03	4.380361e-03	8.300457e-04
4.176321875074724e-03	-1.113986e-03	4.450560e-03	8.300536e-04
4.181204687574724e-03	-1.130592e-03	4.516574e-03	8.300613e-04
4.186087500074724e-03	-1.145927e-03	4.578330e-03	8.300683e-04
4.190970312574724e-03	-1.160387e-03	4.635780e-03	8.300749e-04
4.195853125074723e-03	-1.173549e-03	4.688861e-03	8.300809e-04
4.200735937574723e-03	-1.185811e-03	4.737533e-03	8.300865e-04
4.205618750074723e-03	-1.196749e-03	4.781739e-03	8.300915e-04
4.210501562574723e-03	-1.206766e-03	4.821448e-03	8.300961e-04
4.215384375074723e-03	-1.215440e-03	4.856613e-03	8.301001e-04
4.220267187574723e-03	-1.223174e-03	4.887210e-03	8.301036e-04
4.225150000074723e-03	-1.229550e-03	4.913202e-03	8.301066e-04
4.230032812574723e-03	-1.234973e-03	4.934572e-03	8.301090e-04
4.234915625074723e-03	-1.239027e-03	4.951291e-03	8.301109e-04
4.239798437574722e-03	-1.242119e-03	4.963354e-03	8.301123e-04
4.244681250074722e-03	-1.243836e-03	4.970740e-03	8.301131e-04
4.249564062574722e-03	-1.244585e-03	4.973450e-03	8.301134e-04
4.254446875074722e-03	-1.243957e-03	4.971473e-03	8.301131e-04
4.259329687574722e-03	-1.242362e-03	4.964820e-03	8.301124e-04
4.264212500074722e-03	-1.239391e-03	4.953488e-03	8.301111e-04
4.269095312574722e-03	-1.235458e-03	4.937497e-03	8.301093e-04
4.273978125074722e-03	-1.230155e-03	4.916854e-03	8.301068e-04
4.278860937574722e-03	-1.223898e-03	4.891585e-03	8.301040e-04
4.283743750074722e-03	-1.216283e-03	4.861707e-03	8.301005e-04
4.288626562574721e-03	-1.207728e-03	4.827256e-03	8.300966e-04
4.293509375074721e-03	-1.197829e-03	4.788255e-03	8.300921e-04
4.298392187574721e-03	-1.187006e-03	4.744751e-03	8.300872e-04
4.303275000074721e-03	-1.174860e-03	4.696776e-03	8.300816e-04
4.308157812574721e-03	-1.161812e-03	4.644383e-03	8.300756e-04
4.313040625074721e-03	-1.147464e-03	4.587613e-03	8.300691e-04
4.317923437574721e-03	-1.132240e-03	4.526528e-03	8.300621e-04
4.322806250074721e-03	-1.115744e-03	4.461176e-03	8.300546e-04
4.327689062574721e-03	-1.098402e-03	4.391629e-03	8.300467e-04
4.332571875074720e-03	-1.079819e-03	4.317943e-03	8.300382e-04
4.337454687574720e-03	-1.060424e-03	4.240195e-03	8.300293e-04
4.342337500074720e-03	-1.039825e-03	4.158451e-03	8.300199e-04
4.347220312574720e-03	-1.018450e-03	4.072796e-03	8.300102e-04
4.352103125074720e-03	-9.959113e-04	3.983302e-03	8.299999e-04
4.356985937574720e-03	-9.726385e-04	3.890062e-03	8.299892e-04
4.361868750074720e-03	-9.482438e-04	3.793154e-03	8.299781e-04
4.366751562574720e-03	-9.231605e-04	3.692679e-03	8.299666e-04
4.371634375074720e-03	-8.970019e-04	3.588723e-03	8.299546e-04
4.376517187574720e-03	-8.702030e-04	3.481393e-03	8.299424e-04
4.381400000074719e-03	-8.423785e-04	3.370779e-03	8.299297e-04
4.386282812574719e-03	-8.139650e-04	3.256996e-03	8.299167e-04
4.391165625074719e-03	-7.845791e-04	3.140142e-03	8.299032e-04
4.396048437574719e-03	-7.546586e-04	3.020335e-03	8.298896e-04
4.400931250074719e-03	-7.238212e-04	2.897680e-03	8.298755e-04
4.405814062574719e-03	-6.925065e-04	2.772300e-03	8.298612e-04
4.410696875074719e-03	-6.603336e-04	2.644305e-03	8.298465e-04
4.415579687574719e-03	-6.277429e-04	2.513824e-03	8.298316e-04
4.420462500074719e-03	-5.943550e-04	2.380972e-03	8.298163e-04
4.425345312574719e-03	-5.606115e-04	2.245881e-03	8.298009e-04
4.430228125074718e-03	-5.261340e-04	2.108671e-03	8.297851e-04
4.435110937574718e-03	-4.913652e-04	1.969479e-03	8.297692e-04
4.439993750074718e-03	-4.559273e-04	1.828427e-03	8.297531e-04
4.444876562574718e-03	-4.202641e-04	1.685657e-03	8.297368e-04
4.449759375074718e-03	-3.839990e-04	1.541295e-03	8.297202e-04
4.454642187574718e-03	-3.475763e-04	1.395485e-03	8.297035e-04
4.459525000074718e-03	-3.106200e-04	1.248355e-03	8.296866e-04
4.464407812574718e-03	-2.735750e-04	1.100054e-03	8.296697e-04
4.469290625074718e-03	-2.360663e-04	9.507113e-04	8.296525e-04
4.474173437574717e-03	-1.985390e-04	8.004767e-04	8.296354e-04
4.479056250074717e-03	-1.606186e-04	6.494827e-04	8.296181e-04
4.483939062574717e-03	-1.227507e-04	4.978803e-04	8.296007e-04
4.488821875074717e-03	-8.456078e-05	3.458033e-04	8.295833e-04
4.493704687574717e-03	-4.649512e-05	1.934037e-04	8.295659e-04
4.498587500074717e-03	-8.179282e-06	4.081611e-05	8.295484e-04
4.503470312574717e-03	2.994050e-05	-1.118070e-04	8.295309e-04
4.508353125074717e-03	6.823865e-05	-2.643309e-04	8.295134e-04
4.513235937574717e-03	1.062687e-04	-4.166032e-04	8.294961e-04
4.518118750074717e-03	1.444051e-04	-5.684894e-04	8.294786e-04
4.523001562574716e-03	1.822020e-04	-7.198376e-04	8.294613e-04
4.527884375074716e-03	2.200337e-04	-8.705144e-04	8.294440e-04
4.532767187574716e-03	2.574546e-04	-1.020369e-03	8.294269e-04
4.537650000074716e-03	2.948396e-04	-1.169269e-03	8.294099e-04
4.542532812574716e-03	3.317434e-04	-1.317066e-03	8.293930e-04
4.547415625074716e-03	3.685414e-04	-1.463629e-03	8.293762e-04
4.552298437574716e-03	4.047888e-04	-1.608812e-03	8.293596e-04
4.557181250074716e-03	4.408615e-04	-1.752487e-03	8.293431e-04
4.562064062574716e-03	4.763156e-04	-1.894510e-03	8.293269e-04
4.566946875074715e-03	5.115278e-04	-2.034755e-03	8.293108e-04
4.571829687574715e-03	5.460549e-04	-2.173083e-03	8.292950e-04
4.576712500074715e-03	5.802745e-04	-2.309371e-03	8.292794e-04
4.581595312574715e-03	6.137440e-04	-2.443483e-03	8.292641e-04
4.586478125074715e-03	6.468424e-04	-2.575301e-03	8.292489e-04
4.591360937574715e-03	6.791283e-04	-2.704693e-03	8.292341e-04
4.596243750074715e-03	7.109814e-04	-2.831545e-03	8.292196e-04
4.601126562574715e-03	7.419615e-04	-2.955729e-03	8.292054e-04
4.606009375074715e-03	7.724498e-04	-3.077138e-03	8.291915e-04
4.610892187574715e-03	8.020074e-04	-3.195647e-03	8.291780e-04
4.615775000074714e-03	8.310165e-04	-3.311155e-03	8.291647e-04
4.620657812574714e-03	8.590396e-04	-3.423543e-03	8.291519e-04
4.625540625074714e-03	8.864608e-04	-3.532716e-03	8.291394e-04
4.630423437574714e-03	9.128437e-04	-3.638560e-03	8.291273e-04
4.635306250074714e-03	9.385741e-04	-3.740986e-03	8.291155e-04
4.640189062574714e-03	9.632172e-04	-3.839889e-03	8.291043e-04
4.645071875074714e-03	9.871603e-04	-3.935183e-03	8.290933e-04
4.649954687574714e-03	1.009970e-03	-4.026771e-03	8.290829e-04
4.654837500074714e-03	1.032036e-03	-4.114575e-03	8.290728e-04
4.659720312574714e-03	1.052927e-03	-4.198504e-03	8.290632e-04
4.664603125074713e-03	1.073034e-03	-4.278487e-03	8.290540e-04
4.669485937574713e-03	1.091926e-03	-4.354441e-03	8.290454e-04
4.674368750074713e-03	1.109998e-03	-4.426302e-03	8.290371e-04
4.679251562574713e-03	1.126820e-03	-4.493995e-03	8.290294e-04
4.684134375074713e-03	1.142789e-03	-4.557464e-03	8.290221e-04
4.689017187574713e-03	1.157479e-03	-4.616641e-03	8.290154e-04
4.693900000074713e-03	1.171285e-03	-4.671478e-03	8.290091e-04
4.698782812574713e-03	1.183785e-03	-4.721917e-03	8.290033e-04
4.703665625074713e-03	1.195378e-03	-4.767917e-03	8.289980e-04
4.708548437574712e-03	1.205642e-03	-4.809427e-03	8.289934e-04
4.713431250074712e-03	1.214977e-03	-4.846416e-03	8.289891e-04
4.718314062574712e-03	1.222965e-03	-4.878841e-03	8.289854e-04
4.723196875074712e-03	1.230008e-03	-4.906681e-03	8.289822e-04
4.728079687574712e-03	1.235690e-03	-4.929899e-03	8.289796e-04
4.732962500074712e-03	1.240416e-03	-4.948484e-03	8.289774e-04
4.737845312574712e-03	1.243770e-03	-4.962408e-03	8.289759e-04
4.742728125074712e-03	1.246160e-03	-4.971669e-03	8.289748e-04
4.747610937574712e-03	1.247173e-03	-4.976247e-03	8.289744e-04
4.752493750074712e-03	1.247219e-03	-4.976147e-03	8.289743e-04
4.757376562574711e-03	1.245888e-03	-4.971362e-03	8.289749e-04
4.762259375074711e-03	1.243590e-03	-4.961903e-03	8.289760e-04
4.767142187574711e-03	1.239918e-03	-4.947772e-03	8.289777e-04
4.772025000074711e-03	1.235285e-03	-4.928990e-03	8.289798e-04
4.776907812574711e-03	1.229286e-03	-4.905566e-03	8.289825e-04
4.781790625074711e-03	1.222336e-03	-4.877531e-03	8.289856e-04
4.786673437574711e-03	1.214032e-03	-4.844903e-03	8.289894e-04
4.791556250074711e-03	1.204792e-03	-4.807720e-03	8.289937e-04
4.796439062574711e-03	1.194215e-03	-4.766011e-03	8.289985e-04
4.801321875074710e-03	1.182719e-03	-4.719821e-03	8.290038e-04
4.806204687574710e-03	1.169907e-03	-4.669187e-03	8.290096e-04
4.811087500074710e-03	1.156200e-03	-4.614164e-03	8.290159e-04
4.815970312574710e-03	1.141201e-03	-4.554795e-03	8.290227e-04
4.820853125074710e-03	1.125334e-03	-4.491146e-03	8.290300e-04
4.825735937574710e-03	1.108205e-03	-4.423266e-03	8.290378e-04
4.830618750074710e-03	1.090239e-03	-4.351230e-03	8.290460e-04
4.835501562574710e-03	1.071043e-03	-4.275096e-03	8.290548e-04
4.840384375074710e-03	1.051045e-03	-4.194944e-03	8.290639e-04
4.845267187574710e-03	1.029855e-03	-4.110842e-03	8.290736e-04
4.850150000074709e-03	1.007901e-03	-4.022875e-03	8.290836e-04
4.855032812574709e-03	9.847952e-04	-3.931121e-03	8.290942e-04
4.859915625074709e-03	9.609689e-04	-3.835672e-03	8.291051e-04
4.864798437574709e-03	9.360344e-04	-3.736610e-03	8.291165e-04
4.869681250074709e-03	9.104253e-04	-3.634038e-03	8.291282e-04
4.874564062574709e-03	8.837555e-04	-3.528042e-03	8.291404e-04
4.879446875074709e-03	8.564605e-04	-3.418732e-03	8.291528e-04
4.884329687574709e-03	8.281556e-04	-3.306202e-03	8.291658e-04
4.889212500074709e-03	7.992776e-04	-3.190566e-03	8.291790e-04
4.894095312574709e-03	7.694436e-04	-3.071924e-03	8.291926e-04
4.898978125074708e-03	7.390919e-04	-2.950397e-03	8.292065e-04
4.903860937574708e-03	7.078408e-04	-2.826090e-03	8.292207e-04
4.908743750074708e-03	6.761298e-04	-2.699130e-03	8.292352e-04
4.913626562574708e-03	6.435788e-04	-2.569626e-03	8.292501e-04
4.918509375074708e-03	6.106285e-04	-2.437710e-03	8.292652e-04
4.923392187574708e-03	5.768997e-04	-2.303496e-03	8.292806e-04
4.928275000074708e-03	5.428342e-04	-2.167121e-03	8.292962e-04
4.933157812574708e-03	5.080542e-04	-2.028703e-03	8.293121e-04
4.938040625074708e-03	4.730025e-04	-1.888382e-03	8.293281e-04
4.942923437574707e-03	4.373018e-04	-1.746281e-03	8.293444e-04
4.947806250074707e-03	4.013959e-04	-1.602542e-03	8.293609e-04
4.952689062574707e-03	3.649085e-04	-1.457292e-03	8.293775e-04
4.957571875074707e-03	3.282840e-04	-1.310677e-03	8.293943e-04
4.962454687574707e-03	2.911469e-04	-1.162825e-03	8.294113e-04
4.967337500074707e-03	2.539422e-04	-1.013884e-03	8.294283e-04
4.972220312574707e-03	2.162946e-04	-8.639868e-04	8.294454e-04
4.977103125074707e-03	1.786498e-04	-7.132821e-04	8.294627e-04
4.981985937574707e-03	1.406334e-04	-5.619033e-04	8.294801e-04
4.986868750074707e-03	1.026908e-04	-4.100016e-04	8.294974e-04
4.991751562574706e-03	6.444784e-05	-2.577112e-04	8.295149e-04
4.996634375074706e-03	2.635070e-05	-1.051842e-04	8.295323e-04
5.000000000000000e-03	-9.795056e-08	1.872959e-08	8.295444e-04
